186	32	2	7	7	6	6	7	7	7	7	7	6	7	7	7	6	7	7	7	7	7	6	7	6	7	7	2	2	3	4	3	3	2	2	2	2	3	3	4	4	2	2	5	5	5	5	4	3.66	4	3	4	4	2	5	5	5	5	5	4	3	3	3	3	3	4	4	4	4	4	3	4	3	2	5	5	4	3	4	2	2	1	2	5	4	5	3	2	2	3	1	1	1	3	2	3	1	1	3	3	50	3	3	2	0	4	3	5	4	4
8	21	2	7	7	4	6	7	5	6	6	6	6	6	6	6	6	6	6	6	7	6	6	6	6	6	6	2	3	3	3	3	3	2	2	2	2	3	4	2	2	2	2	3	2	2	2	2	1	1	1	1	2	2	3	3	3	5	4	3	3	3	3	1	2	1	1	1	3	2	4	3	3	3	3	3	2	3	2	3	2	2	2	2	2	2	4	4	4	4	1	3	3	4	3	2	2	1	3	1	180	1	2	2	1	5	5	5	2	4
12	50	2	6	6	6	6	7	6	6	6	6	6	6	6	6	6	7	7	7	7	7	7	7	7	6	6	5	4	5	5	4	5	1	1	1	1	1	1	1	1	1	1	1	1	4	4	4	1	2	2	2	2	1	1	1	2	2	2	3	3	2	3	1	1	1	1	1	3	3	2	2	1	1	3	3	2	2	2	1	1	1	1	4	4	4	4	4	4	4	1	3	1	4	2	3	4	1	2	2	125	2	2	2	0	4	4	4	2	4
18	45	2	6	7	3	6	7	7	7	7	7	5	5	6	7	7	7	7	7	3	5	5	3	5	4	4	4	4	4	4	4	4	1	1	1	1	1	2	3	2	3	3	2	4	3	4	3	1	3	3	3	2	2	3	1	2	2	2	3	3	3	3	1	1	1	1	1	3	3	2	2	1	3	3	3	2	3	3	1	2	2	1	1	3	3	4	4	4	4	1	3	1	2	2	2	2	3	2	1	150	1	2	2	1	4	4	3	2	3
23	40	2	6	6	2	6	6	5	5	5	5	6	6	6	6	6	6	6	6	4	4	4	4	4	4	4	2	1	2	3	1	1	4	4	2	2	1	1	6	4	3	3	1	1	4	4	4	1	5	3	4	2	3	4	4	4	5	5	4	4	4	4	4	3	5	5	5	5	5	3	5	3	3	3	3	2	2	5	3	5	3	3	4	4	4	3	3	3	3	1	1	1	1	3	3	3	4	7	2	240	4	3	2	1	2	3	1	4	2
52	24	2	6	7	7	7	4	5	3	3	6	5	7	4	4	6	5	7	4	3	6	5	4	3	6	6	2	3	4	2	1	4	2	3	2	2	5	4	4	5	1	1	4	5	4	4	4	1	5	2	4	2	2	4	3	3	4	2	4	3	2	3	4	3	4	2	1	3	2	3	4	3	2	4	3	3	2	2	1	2	1	2	4	4	3	4	4	5	4	2	4	2	3	4	4	3	2	6	3	40	3	1	2	1	4	5	5	4	4
118	24	2	6	7	6	6	7	7	7	6	6	6	7	7	6	6	6	6	7	5	7	7	6	7	7	7	4	4	5	3	4	4	2	4	2	2	2	3	2	2	2	2	2	2	4	4	4	1	2	1	3	2	3	2	3	2	2	2	3	3	2	4	3	2	3	2	1	2	2	2	2	1	2	1	1	3	2	2	1	3	1	1	4	4	3	4	4	4	4	1	1	1	1	5	5	4	4	5	2	63	2	4	3	1	4	4	4	4	2
125	24	1	7	7	7	7	6	7	5	7	6	5	6	7	6	6	6	6	6	5	5	5	5	5	7	6	2	2	2	3	3	3	3	3	2	2	2	3	4	3	3	2	4	4	2	2	3	1	3	3	4	2	2	4	1	2	3	1	5	5	5	5	1	2	3	2	1	3	4	2	3	3	2	4	4	3	3	5	4	5	3	5	3	3	3	3	3	4	4	1	2	1	2	3	3	2	4	1	2	35	3	2	2	1	5	5	5	4	4
145	25	2	4	6	7	5	7	4	4	5	6	6	6	6	6	7	7	6	6	5	6	6	6	6	6	6	4	4	5	3	3	3	1	1	1	1	1	1	1	1	1	1	1	1	3	3	4	1	3	2	2	1	1	1	1	1	3	4	4	4	4	4	3	1	3	2	1	1	1	1	1	1	1	1	2	2	1	4	1	2	1	1	2	3	3	5	5	5	5	1	4	1	4	1	1	4	1	6	2	55	3	2	2	1	5	5	5	5	5
169	30	2	4	6	2	6	3	5	4	4	4	4	5	5	4	3	4	4	4	4	5	5	5	6	5	4	2	4	2	3	2	3	2	3	3	3	4	5	2	4	4	3	3	4	1	2	2	1	3	1	3	1	2	3	2	2	5	5	5	4	2	1	1	1	3	3	1	3	2	2	2	3	2	4	4	2	1	1	3	3	2	2	3	3	2	3	3	4	5	1	2	1	4	2	4	4	1	4	3	100	3	2	2	1	4	5	5	4	4
179	39	2	6	7	7	7	6	7	6	6	6	6	6	5	6	5	6	5	6	5	5	5	1	6	6	6	4	3	4	3	2	2	2	4	1	2	3	3	2	2	2	2	1	4	5	5	4	1	3	2	3	2	2	3	2	2	2	2	3	4	3	4	1	2	2	2	1	3	3	2	3	2	3	3	4	2	1	3	3	3	3	2	4	4	3	4	4	4	4	2	2	1	3	2	3	3	1	2	3	80	7	2	3	1	5	4	5	4	4
181	37	2	6	6	3	5	6	6	5	6	6	3	5	5	6	6	6	6	5	3	4	4	4	5	5	5	5	4	4	4	4	4	1	1	1	1	1	1	2	1	4	4	1	3	4	4	4	1	1	1	2	1	1	2	1	1	5	5	3	2	2	3	1	3	3	2	2	3	3	1	2	1	1	1	2	1	1	1	1	1	1	1	3	4	3	5	5	5	5	1	1	2	1	3	3	4	1	4	3	 	3	1	2	0	4	4	5	3	5
204	23	2	6	4	3	5	4	6	6	5	5	6	7	6	6	4	5	5	6	6	6	6	6	6	5	5	2	4	2	2	1	1	2	3	2	2	4	5	4	3	3	3	3	5	2	3	3	1	2	2	2	3	3	4	3	4	2	2	5	5	5	5	4	2	5	3	2	4	3	4	4	4	5	4	3	3	2	4	5	5	4	5	4	4	4	2	2	2	2	1	1	1	1	2	2	1	1	2	0	10	1	2	3	1	4	2	4	2	3
213	33	1	7	7	7	7	7	7	7	7	7	7	7	7	7	7	7	7	7	4	4	4	7	7	7	7	1	3	1	3	3	3	5	2	1	1	4	5	1	4	2	2	4	5	4	4	4	1	4	2	2	2	4	3	3	2	4	4	4	4	2	4	4	3	4	3	2	4	4	3	2	2	1	5	5	1	2	2	3	3	3	1	1	3	3	5	5	5	5	1	1	1	1	2	4	2	1	4	3	150	3	3	2	0	4	4	3	2	3
220	23	1	5	7	4	7	6	5	5	6	4	5	5	5	5	5	4	6	5	5	5	6	6	6	6	6	3	3	4	3	3	3	2	2	2	2	4	4	5	5	3	3	2	5	3	3	3	1	3	2	2	2	2	2	2	2	2	2	3	3	3	3	2	2	2	2	2	3	2	2	3	2	3	2	2	2	2	2	3	2	2	3	2	3	3	4	4	4	4	1	1	1	1	4	3	3	1	2	0	200	2	2	2	1	4	5	5	5	4
226	43	2	4	3	6	6	6	3	5	5	6	7	7	7	7	7	6	6	6	6	6	6	3	6	5	3	5	5	5	4	4	2	2	2	1	2	4	4	1	1	2	2	1	4	4	4	4	1	4	1	2	1	1	1	2	1	3	2	5	4	3	5	1	2	4	3	1	1	1	1	1	1	1	1	3	1	1	4	1	1	1	1	5	4	4	4	4	5	5	1	1	1	1	5	5	5	2	2	2	50	2	2	3	1	5	4	5	4	5
240	26	2	6	7	4	7	7	5	4	5	7	7	7	7	7	6	6	7	6	7	7	7	7	7	7	7	4	4	4	5	4	5	1	2	1	1	1	4	6	5	1	1	5	5	4	4	4	1	1	1	1	1	1	4	2	4	1	1	5	5	2	3	1	2	2	3	2	4	3	1	3	1	1	1	1	3	2	2	1	1	1	1	5	5	4	5	5	5	5	1	1	1	1	4	4	4	4	8	1	130	1	2	2	0	5	3	5	4	5
258	18	2	4	5	4	3	4	4	3	4	5	5	5	5	5	4	6	5	5	4	4	4	4	4	5	4	4	5	5	4	4	4	2	2	2	2	3	4	1	1	3	3	1	2	3	4	3	1	3	2	2	2	1	3	1	1	3	3	3	3	3	2	2	1	1	2	1	1	1	1	1	2	2	1	1	1	1	1	1	1	1	1	4	4	4	4	4	4	4	1	1	1	1	4	4	3	4	3	0	60	0	2	1	0	4	5	3	3	4
278	24	1	5	5	3	6	6	6	4	5	6	5	5	5	6	4	6	6	4	6	7	7	7	7	6	7	3	4	4	3	3	2	2	1	2	2	2	2	2	2	2	2	2	2	4	4	4	1	2	3	2	1	3	4	3	2	1	1	3	3	2	1	2	1	1	1	1	1	1	2	1	1	1	1	3	3	4	2	2	3	1	3	2	2	3	3	4	4	4	1	4	2	3	2	4	3	4	2	1	20	3	2	2	1	5	5	5	5	5
279	18	2	3	4	4	7	5	7	7	6	6	6	7	7	6	6	6	5	5	5	4	5	7	6	4	7	5	5	5	4	4	4	1	1	2	2	1	1	1	1	3	3	1	3	3	4	3	1	1	1	1	2	3	1	2	1	1	1	3	3	3	3	1	3	1	1	1	2	1	1	2	1	1	1	2	1	1	1	1	1	1	1	4	3	3	4	5	5	4	3	3	3	3	4	4	4	4	3	0	60	0	1	2	0	5	5	3	4	4
292	33	2	6	6	5	6	6	6	7	7	7	6	7	6	6	6	6	6	6	6	5	6	7	6	6	6	5	4	5	4	5	5	1	1	1	1	1	1	1	1	2	2	1	1	5	5	5	1	1	2	3	1	1	3	1	2	3	3	3	3	3	3	1	1	1	1	1	1	1	1	1	1	1	1	1	1	1	1	1	1	1	1	2	3	1	5	5	5	5	3	4	3	4	5	5	4	1	4	2	137	2	1	2	0	4	4	5	3	5
300	25	2	6	7	5	7	7	6	6	6	5	7	7	7	6	5	6	6	6	5	7	7	5	6	6	5	4	3	4	3	3	2	4	3	2	2	4	4	3	2	1	1	4	3	4	4	4	1	2	1	2	2	3	3	2	2	3	3	3	4	3	3	2	3	2	2	2	2	2	2	1	1	2	3	4	2	2	3	1	1	1	2	1	2	2	4	4	4	4	3	4	3	4	4	4	4	1	3	3	40	3	2	2	1	4	4	4	2	4
2	33	1	6	5	5	7	5	6	5	6	4	4	5	6	4	7	6	7	7	4	4	4	4	3	6	6	4	4	4	4	4	3	2	4	2	1	4	4	6	6	1	2	2	2	5	4	4	2	3	3	4	2	2	3	2	3	2	1	2	3	3	3	2	3	2	3	2	4	4	4	2	2	2	4	3	1	2	5	3	2	3	1	4	4	4	5	4	4	4	1	1	2	2	4	5	5	1	5	2	110	2	2	2	0	4	4	4	3	5
16	24	2	6	6	5	7	6	7	7	7	6	6	6	6	6	6	6	6	6	6	5	5	6	5	6	6	3	4	3	3	3	2	2	2	2	2	1	1	2	5	2	2	1	3	3	4	3	2	2	1	1	2	3	3	3	2	2	2	4	4	4	3	1	3	2	2	1	2	2	2	2	2	1	4	5	2	2	1	1	3	3	3	4	4	5	4	4	4	4	1	2	1	1	3	3	3	3	3	1	50	1	1	2	1	2	1	2	2	2
20	27	1	5	6	3	7	5	5	5	6	5	5	5	6	6	5	6	6	5	6	5	5	6	6	6	6	3	3	3	2	3	2	2	3	1	1	2	2	5	5	2	2	6	6	4	3	2	2	4	3	3	4	4	3	5	4	5	5	4	3	4	4	2	2	3	3	2	3	3	2	3	4	2	5	5	2	3	4	4	4	4	3	3	4	4	4	3	3	3	1	1	1	1	3	3	2	1	4	0	85	4	2	2	1	4	4	4	3	4
21	27	2	7	6	1	4	6	4	5	6	4	4	6	6	6	6	6	6	6	5	4	4	4	6	6	6	4	2	4	4	4	4	2	2	2	2	2	3	5	5	3	3	4	5	2	4	3	2	5	3	4	3	3	4	4	3	5	5	3	3	3	3	2	2	3	2	3	4	3	2	4	4	3	4	4	2	2	2	2	4	3	3	3	4	4	3	4	3	4	1	1	1	1	2	2	2	1	5	2	80	2	1	1	0	4	1	4	2	4
25	24	2	7	6	3	5	6	6	7	6	5	5	6	6	5	6	6	5	5	7	6	6	7	6	6	5	4	2	3	4	4	4	3	3	2	2	4	4	5	6	2	3	5	5	2	3	2	2	4	2	4	3	3	3	2	3	4	3	4	3	2	2	3	2	3	4	3	4	3	2	3	3	2	4	4	3	2	2	2	3	1	1	4	4	3	3	2	2	3	1	1	1	1	3	3	3	1	4	2	100	2	2	2	0	4	4	3	3	4
26	23	2	6	6	6	7	6	6	6	7	7	6	6	6	6	6	7	7	7	5	7	6	7	7	6	7	5	5	5	4	4	4	1	1	1	1	1	1	1	1	1	1	1	1	5	5	5	2	3	1	3	2	1	4	1	2	1	1	4	4	3	4	1	1	3	2	1	1	1	1	1	1	1	1	1	1	3	5	1	1	1	1	4	3	4	5	5	5	4	1	3	1	3	3	4	3	1	3	0	100	3	1	2	0	4	5	5	5	4
30	33	2	6	5	3	6	6	5	5	6	6	5	6	5	6	6	6	6	6	7	7	7	7	7	6	6	3	3	3	3	3	3	2	4	2	3	3	3	5	5	3	3	4	4	3	3	3	2	2	2	2	1	3	4	3	4	4	4	3	3	3	3	3	3	3	3	3	3	3	2	3	3	2	2	2	2	2	2	1	1	1	1	4	4	4	4	5	5	5	1	1	1	1	4	4	3	1	6	1	125	2	3	2	0	4	4	4	2	2
31	25	1	5	5	6	5	5	5	5	5	6	6	6	6	6	5	5	6	6	5	5	5	5	6	6	6	2	2	2	4	3	3	2	2	2	2	5	4	5	3	2	2	5	5	4	3	4	2	4	3	3	2	2	4	3	3	2	2	4	3	3	5	4	3	3	2	2	3	4	4	4	3	4	5	5	2	2	3	2	3	4	3	3	3	3	4	4	4	4	1	2	1	2	2	2	2	1	2	2	50	3	4	2	1	4	4	4	4	3
45	27	2	6	6	6	6	6	7	6	7	5	5	6	6	6	7	7	6	7	4	5	4	6	5	5	5	3	4	4	4	4	4	2	2	2	3	2	2	2	3	5	5	4	5	3	4	3	2	4	3	3	2	3	4	3	3	4	4	3	3	3	3	3	4	2	2	1	3	2	2	2	2	2	4	4	4	4	4	3	5	3	2	3	3	3	4	4	4	2	1	3	1	3	1	2	2	1	4	2	90	2	2	2	0	5	5	5	5	5
46	21	2	6	6	6	6	6	7	7	7	7	7	6	6	6	6	7	7	6	5	3	3	3	6	6	6	1	2	3	1	1	1	2	2	2	2	2	2	5	5	5	2	5	5	4	4	4	2	4	2	1	3	4	5	5	5	5	5	5	5	5	5	5	3	4	5	5	5	5	5	2	3	4	5	5	1	1	3	2	4	3	1	4	4	5	4	4	4	4	1	1	1	3	2	4	1	5	3	1	150	2	1	2	1	2	1	4	1	4
48	52	2	3	6	6	6	7	6	6	6	6	6	6	6	6	6	7	7	6	6	6	6	6	6	6	6	4	3	4	2	2	3	2	2	3	3	2	2	2	4	3	3	2	2	5	4	5	2	4	3	2	2	2	4	3	3	3	3	4	3	4	3	3	3	3	2	3	2	2	3	3	3	2	3	3	2	3	4	3	3	3	2	4	3	4	4	4	4	4	1	1	1	1	4	4	2	5	3	1	95	3	2	2	1	5	5	5	5	5
49	32	1	3	6	3	3	3	3	4	3	3	3	3	3	4	3	3	3	3	4	3	3	3	3	4	3	3	2	2	3	3	3	2	2	3	3	2	3	2	3	5	5	2	3	3	3	3	2	4	4	3	2	2	3	5	4	4	3	3	3	3	3	4	2	4	4	1	3	5	3	4	3	3	4	4	3	2	5	4	2	4	2	3	3	4	3	3	4	3	1	1	1	1	2	2	2	1	3	0	75	3	2	2	1	5	4	5	4	4
53	23	2	4	6	4	6	5	6	6	6	6	6	6	4	6	3	3	5	4	7	7	7	4	7	4	4	4	4	4	3	3	3	4	1	2	2	2	3	3	4	3	3	3	3	5	3	4	2	3	2	2	3	2	3	2	3	3	2	2	2	2	2	2	2	2	1	1	2	3	2	2	2	3	4	4	3	3	2	1	2	1	1	2	2	2	4	4	3	2	5	3	5	5	5	5	5	1	3	3	1	4	2	3	1	5	4	4	4	3
55	24	2	7	6	3	7	6	6	6	6	7	6	7	7	7	6	6	6	6	6	7	7	7	7	7	7	1	4	2	2	2	1	4	5	1	1	3	3	3	5	5	5	3	5	4	5	5	2	1	3	4	3	3	4	5	3	4	4	4	5	4	4	5	4	4	3	3	2	4	3	2	3	2	5	5	4	3	2	3	2	2	2	1	1	2	3	3	4	4	1	1	1	1	2	2	1	1	2	2	80	2	3	2	0	4	4	5	4	2
58	30	1	5	5	5	5	6	4	3	4	4	5	5	6	5	5	4	5	4	6	6	6	6	6	6	6	4	4	4	3	3	3	4	3	2	2	2	3	3	3	2	5	3	5	3	3	3	2	1	2	2	1	2	3	3	3	4	4	3	3	3	2	1	2	1	2	1	3	3	3	2	3	2	3	3	2	2	3	1	2	1	2	4	4	3	4	4	4	4	1	2	1	2	4	4	4	1	3	2	35	2	3	2	0	4	4	4	4	3
61	39	2	4	5	3	5	7	2	2	4	4	7	7	7	6	4	6	6	6	6	5	6	6	6	6	6	4	4	5	2	2	2	2	2	2	2	2	3	3	2	2	2	2	4	4	4	4	2	2	2	2	2	2	2	2	2	2	2	4	4	3	3	2	2	2	2	1	3	2	3	2	3	2	3	3	2	2	2	3	3	2	2	2	2	2	4	4	4	4	1	1	1	1	4	4	2	1	3	1	20	3	3	2	1	5	3	5	4	5
66	30	2	4	7	4	5	6	7	6	6	6	7	6	6	6	6	7	6	6	6	6	6	7	7	7	7	3	4	4	4	3	4	1	1	1	1	1	2	2	1	2	1	1	3	5	5	5	2	3	3	4	1	2	4	4	5	1	1	4	4	3	3	1	2	2	1	1	3	2	2	2	1	1	2	2	3	2	2	1	1	1	1	3	3	5	5	5	5	5	1	5	1	5	3	3	3	1	2	3	100	4	1	3	0	4	5	4	4	3
67	24	2	6	6	4	5	6	5	5	6	5	5	5	5	5	4	4	4	4	6	6	6	5	6	5	5	4	4	4	4	4	3	2	2	2	2	4	4	3	3	2	3	4	4	4	3	3	2	2	2	3	2	2	4	4	3	3	3	3	3	3	3	2	2	3	2	3	3	3	2	2	3	2	3	4	2	2	2	2	3	2	2	4	4	4	3	3	3	3	1	1	2	2	2	2	3	1	3	3	80	3	2	2	0	4	4	4	4	3
69	26	1	5	3	1	4	5	3	3	3	3	5	6	5	5	3	3	3	3	4	5	5	4	4	6	5	4	3	3	3	3	3	2	2	2	3	3	4	2	2	3	2	5	5	3	4	4	2	4	2	2	4	4	4	3	4	4	5	3	3	3	3	2	2	4	3	3	4	3	2	3	3	3	5	5	2	2	2	3	4	4	4	4	4	4	2	2	2	4	2	1	1	1	4	2	2	1	2	0	120	2	3	2	1	5	4	4	4	5
72	21	2	5	6	3	5	4	5	6	5	4	5	5	6	5	6	6	6	6	6	5	5	5	6	6	6	2	3	4	2	2	3	1	2	2	2	2	3	4	3	2	2	2	4	3	3	3	2	3	2	4	2	2	3	5	4	5	5	4	4	4	4	3	2	3	3	3	4	3	2	4	4	3	4	5	3	2	4	2	2	2	1	3	4	4	4	4	4	5	1	2	1	1	4	4	4	1	2	1	80	2	1	2	0	4	2	5	4	2
75	42	2	4	3	2	3	3	2	3	4	3	4	3	3	3	3	3	3	3	3	3	4	3	3	3	3	3	4	4	3	3	3	3	3	3	4	3	3	3	3	3	3	1	1	4	3	4	2	3	2	3	3	2	3	2	2	2	2	4	4	4	4	2	2	3	1	2	2	3	3	2	2	3	3	3	3	2	3	2	2	4	1	3	4	3	4	4	4	4	3	3	3	3	4	4	4	2	3	3	100	3	1	2	1	5	5	5	4	5
76	43	2	6	6	3	3	5	5	4	5	5	5	4	5	5	5	5	5	5	5	4	5	5	5	5	5	4	4	4	4	4	4	2	2	2	2	2	3	2	2	3	3	2	2	4	3	4	2	3	3	2	1	2	3	3	3	3	3	4	4	4	3	2	2	3	2	2	2	1	1	1	1	1	1	1	1	1	2	1	1	1	1	4	4	3	4	4	4	4	2	3	2	2	4	4	3	1	5	1	42	1	1	2	0	5	5	4	2	4
78	42	1	5	6	4	7	6	7	7	6	5	5	6	6	5	5	6	6	6	6	6	6	6	6	7	7	4	2	4	3	3	3	5	4	2	2	3	2	5	4	2	2	4	3	3	3	4	2	2	2	2	2	2	3	2	2	3	3	4	4	4	3	2	1	4	2	1	3	2	2	3	2	2	4	4	2	2	2	2	4	2	2	3	4	3	4	4	4	4	2	2	2	2	4	3	3	1	3	2	 	3	3	2	1	4	5	4	5	5
79	40	2	6	6	5	6	6	7	6	6	7	7	7	6	7	6	6	6	6	6	7	7	7	6	7	5	4	3	3	3	3	3	1	6	1	2	1	1	2	2	2	2	1	2	5	4	4	2	3	2	3	2	2	3	1	3	2	3	3	3	2	2	1	1	1	1	1	3	3	2	3	1	1	4	4	1	1	1	1	3	1	1	5	5	2	3	4	2	3	1	1	1	1	4	4	3	1	8	2	98	2	1	2	0	5	4	4	5	5
83	20	2	2	7	7	6	6	5	5	5	4	4	6	5	5	3	5	5	5	5	6	6	6	6	5	5	4	4	4	3	3	4	2	2	1	2	5	3	2	1	2	3	1	2	5	3	4	2	1	1	1	1	3	4	2	1	1	2	5	5	4	3	3	1	1	2	1	2	3	3	2	2	2	1	1	1	4	3	1	2	1	1	3	3	4	4	4	4	5	1	4	4	4	2	2	3	1	2	2	500	2	1	1	1	5	2	4	5	5
85	37	2	7	6	6	7	6	7	7	7	7	7	7	6	7	7	6	7	7	5	5	5	6	6	6	5	4	4	4	4	4	4	1	3	1	1	1	1	1	2	2	2	1	1	5	4	4	2	2	1	2	1	1	2	2	2	3	3	3	3	2	2	1	2	1	1	1	1	1	2	2	2	2	3	3	1	2	2	1	2	2	1	3	4	2	5	5	5	5	1	3	3	3	4	4	4	1	2	1	100	2	2	2	0	5	5	5	2	4
90	40	2	6	6	3	6	6	7	6	6	6	6	6	6	6	6	6	6	6	3	5	5	5	5	5	5	4	4	4	4	2	4	2	2	1	1	1	1	4	3	2	2	2	2	4	4	4	2	4	2	4	1	1	4	1	3	5	5	4	4	2	4	3	2	2	2	1	3	3	2	2	2	2	1	1	3	3	4	2	3	2	2	4	4	3	4	4	4	4	1	2	2	2	4	4	2	1	7	0	50	3	2	2	1	4	1	4	3	2
92	25	2	5	7	7	7	7	3	3	4	5	5	6	7	5	4	4	4	4	7	7	7	6	7	7	6	2	1	2	4	2	3	4	4	2	2	6	6	6	5	1	1	5	6	3	2	3	2	2	2	5	3	3	5	5	5	2	2	5	5	5	3	2	2	1	3	1	4	4	3	5	5	2	5	5	2	2	3	3	4	4	3	3	2	2	2	2	3	3	1	1	1	1	4	4	4	1	3	3	100	3	2	2	0	4	4	5	4	4
94	21	2	5	5	4	4	4	5	5	4	4	4	4	4	4	4	5	4	4	4	3	3	3	4	3	3	3	3	3	2	2	2	2	2	3	3	4	4	4	5	3	3	4	4	3	3	3	2	3	3	5	4	4	3	2	4	3	3	4	4	4	4	4	2	2	2	2	4	2	4	3	4	2	4	4	4	3	5	2	2	3	2	4	4	4	3	2	2	2	1	1	1	1	2	2	2	1	3	2	 	2	1	2	1	5	5	5	5	5
104	25	2	6	7	7	7	7	3	7	7	7	7	6	6	7	7	7	6	7	5	7	7	7	6	7	7	4	4	4	2	2	2	4	2	2	2	1	2	1	1	1	3	1	1	5	5	5	2	3	1	3	1	1	2	3	1	3	4	4	4	3	3	1	1	1	2	1	3	1	1	1	1	2	1	1	2	2	1	1	2	1	1	1	1	1	4	4	4	4	1	4	2	4	5	5	5	1	5	2	200	2	2	2	1	5	4	5	5	5
107	41	2	6	6	6	7	7	6	6	6	6	6	6	7	6	6	7	6	6	7	7	6	7	7	7	6	4	4	4	5	4	4	1	5	1	1	1	2	6	1	1	1	6	6	3	3	4	2	3	2	2	1	3	3	2	2	3	3	2	2	2	1	1	1	3	1	2	4	4	4	4	3	4	3	3	4	1	4	1	2	1	1	5	5	5	4	4	5	5	1	3	1	3	2	2	2	1	6	2	100	2	2	1	0	5	5	3	5	5
112	25	2	6	5	6	6	7	6	6	7	7	7	7	7	7	7	7	7	7	6	7	7	7	7	6	6	4	4	4	4	4	4	1	1	1	1	1	2	2	2	2	2	2	5	5	4	5	2	3	2	3	3	3	4	3	3	4	4	3	3	2	2	2	2	2	2	1	2	2	2	2	3	2	3	3	3	3	3	4	4	3	3	4	4	3	2	2	2	3	1	1	1	1	2	2	2	4	6	3	35	3	2	 	0	3	4	3	4	2
114	29	2	7	7	5	5	6	6	6	6	6	6	6	6	6	6	6	6	6	1	6	6	7	6	6	6	4	4	4	3	2	3	5	2	2	2	1	3	3	2	2	2	2	2	3	2	3	2	2	2	2	3	3	4	2	3	4	3	4	4	3	4	3	2	2	2	2	3	3	2	2	1	2	2	4	3	2	2	2	2	2	2	2	3	2	2	2	2	2	1	1	1	1	2	4	4	1	3	1	4	3	1	2	0	3	4	5	4	2
117	25	1	6	6	5	6	7	6	6	6	5	6	6	6	6	5	6	6	6	6	6	6	6	6	6	6	3	3	4	4	2	3	2	2	2	2	2	4	5	4	2	2	5	6	3	3	3	2	4	3	4	3	4	4	4	4	4	4	3	3	3	3	2	2	3	2	2	4	4	2	3	2	4	4	4	2	2	3	3	4	3	2	4	4	4	4	4	4	4	1	2	1	3	3	2	2	4	4	3	80	3	3	2	1	3	4	5	4	3
121	40	2	7	7	7	7	7	7	6	7	7	7	7	7	7	7	7	7	7	4	6	6	7	7	7	6	4	4	4	5	4	4	1	1	1	1	1	1	1	1	3	2	1	1	4	4	4	2	3	3	3	1	1	3	3	2	3	3	3	3	3	2	2	1	1	1	1	2	2	2	2	2	2	3	3	2	3	3	3	3	2	2	4	4	3	3	3	3	3	2	2	2	2	1	4	4	1	4	0	75	3	2	2	1	4	4	5	5	5
122	22	2	6	7	4	6	5	4	4	5	4	5	6	6	6	5	4	5	4	7	7	7	6	6	7	6	4	3	4	2	3	2	3	4	3	2	3	4	2	4	1	2	3	3	2	2	2	2	3	3	4	4	4	5	5	4	2	2	3	3	3	2	5	2	4	4	4	4	3	1	2	2	2	1	4	3	2	2	1	1	1	1	5	5	5	4	4	4	4	1	1	3	1	5	5	5	4	2	4	110	4	2	2	0	4	4	4	4	4
127	60	1	5	6	2	6	6	6	6	6	6	6	6	6	6	6	6	6	6	6	6	6	6	6	6	6	4	4	4	3	3	3	3	3	2	2	4	2	2	2	2	2	1	1	5	5	5	2	3	2	2	2	3	2	2	2	2	2	3	2	2	2	3	2	1	2	1	2	2	3	2	2	2	2	4	2	2	1	2	2	2	2	3	3	4	4	4	4	4	1	2	2	2	3	3	3	2	2	1	100	3	3	2	1	4	4	4	3	3
133	25	2	6	7	3	6	7	5	6	5	7	6	7	6	5	5	6	5	5	7	7	7	7	7	6	6	4	3	4	4	4	4	1	2	2	2	2	3	6	6	3	3	5	5	3	3	3	2	2	2	3	3	2	5	4	4	1	1	4	3	2	3	2	2	2	1	1	4	4	2	4	3	2	4	3	2	2	3	4	3	3	3	4	4	4	2	2	2	2	1	1	1	1	3	2	3	2	1	2	45	3	1	3	0	4	4	4	4	3
144	47	2	3	3	3	7	3	7	7	7	3	3	3	3	3	7	7	7	7	3	3	3	3	3	3	3	5	5	4	3	4	3	1	1	3	3	1	1	2	2	3	3	1	1	4	4	4	2	2	2	2	2	2	3	2	2	1	1	4	2	4	4	2	2	2	2	2	2	2	2	2	2	2	3	2	2	2	5	2	2	2	1	4	4	4	4	4	4	4	1	1	1	1	2	2	2	3	2	1	150	2	2	2	1	5	4	4	2	4
147	25	2	5	5	5	6	6	5	5	6	6	4	6	5	5	6	6	6	6	5	6	6	5	5	4	5	5	5	5	3	3	3	1	4	2	2	1	1	1	1	2	2	1	1	5	4	5	2	2	3	3	1	2	4	5	3	3	3	4	4	3	5	1	2	1	2	1	1	1	1	1	1	1	1	1	1	1	2	1	1	1	1	4	4	4	5	5	5	5	2	4	2	4	3	4	2	1	3	0	125	0	2	 	1	5	5	3	4	4
149	56	1	4	5	5	6	5	6	5	5	5	5	5	5	5	6	6	6	6	5	3	3	4	5	5	5	2	3	4	4	3	3	2	2	3	3	2	2	2	3	4	4	2	2	3	4	4	2	3	2	3	2	3	2	2	2	2	2	3	3	2	2	2	3	3	3	3	3	2	3	2	2	2	3	3	2	2	3	2	2	2	2	4	4	4	4	4	5	5	1	3	1	2	4	4	2	1	3	1	125	2	3	2	1	5	2	5	5	5
153	56	2	7	7	6	7	7	7	7	7	7	7	7	7	7	7	7	7	7	6	7	7	7	6	6	6	4	4	4	4	4	4	1	1	1	1	1	1	3	3	2	2	1	1	4	5	5	2	1	2	1	3	2	3	3	3	3	3	5	4	3	4	1	2	1	1	1	3	2	2	2	3	2	1	1	1	1	1	3	3	4	3	3	3	3	2	2	2	2	1	1	1	1	4	4	3	2	4	0	135	0	1	1	1	4	4	4	4	4
155	29	2	6	6	5	6	6	5	4	6	6	6	6	6	6	6	5	6	6	7	7	7	7	6	5	5	4	4	4	3	3	2	4	4	1	1	2	3	5	5	2	2	6	6	3	4	4	2	4	2	2	2	2	4	4	4	4	4	4	4	4	4	2	2	2	2	2	5	5	2	4	4	2	5	5	2	2	1	2	5	2	4	4	4	4	4	4	4	4	1	1	1	1	4	3	3	2	1	3	120	3	3	2	0	4	5	5	4	4
157	27	1	6	6	3	6	6	3	3	3	3	4	3	3	6	6	6	6	5	4	4	5	4	6	5	6	1	3	2	4	2	3	2	2	2	2	4	4	3	3	3	3	4	4	3	3	4	2	3	2	3	2	3	3	3	3	2	2	4	4	3	4	3	3	3	2	2	3	2	4	3	2	2	5	5	2	3	3	2	3	3	3	3	3	2	2	2	2	2	1	2	1	1	2	2	2	1	2	2	200	5	3	1	1	3	3	3	4	5
159	25	1	6	6	7	3	6	6	6	6	6	7	7	6	6	5	5	6	6	6	7	6	7	6	5	6	4	4	4	4	4	4	2	1	2	2	3	4	5	3	2	2	5	5	4	3	4	2	5	2	4	2	2	5	2	2	4	4	2	2	2	2	4	2	4	4	2	2	4	2	2	1	2	5	5	1	1	2	2	1	1	2	5	4	5	2	2	2	2	1	2	1	2	4	2	4	1	2	0	100	1	2	2	0	5	3	5	4	3
160	25	1	5	5	5	3	5	4	4	4	4	5	5	5	5	5	5	5	5	7	6	6	5	5	6	6	4	2	2	4	4	4	4	4	2	2	4	4	6	5	2	2	6	6	4	4	3	2	2	1	2	4	3	3	2	2	1	1	3	2	3	3	2	1	2	2	2	3	3	2	2	1	2	4	4	2	3	2	4	5	4	2	4	3	3	4	4	4	5	1	1	1	1	3	3	3	1	3	2	130	3	1	2	0	4	3	3	4	4
162	44	2	6	6	5	7	7	6	7	7	5	6	7	7	6	6	7	6	7	6	6	6	6	6	6	5	4	5	4	4	2	4	1	1	1	1	1	2	4	2	3	2	6	6	4	3	4	2	3	2	3	1	3	3	2	2	1	1	3	3	2	3	1	3	3	2	1	3	3	2	3	2	3	2	3	1	2	2	1	3	3	1	4	4	3	5	5	5	5	5	5	1	5	5	5	4	2	1	2	50	3	1	2	1	5	5	5	4	4
165	18	1	3	4	3	4	4	4	4	4	5	5	4	4	4	4	4	4	4	4	6	6	4	6	3	5	4	5	5	4	4	4	2	2	2	3	2	3	1	1	1	3	1	3	4	4	4	2	3	2	2	2	2	1	1	1	2	2	2	2	1	1	1	1	2	1	1	1	1	3	2	2	1	1	1	1	1	1	1	1	1	1	4	4	3	5	5	5	5	1	2	2	2	5	5	5	4	7	0	25	0	1	1	1	1	5	2	2	2
167	40	2	7	6	4	6	5	6	6	6	6	6	6	6	6	6	6	6	6	6	7	7	6	6	6	6	1	2	2	4	3	2	4	4	2	2	3	3	4	4	2	2	4	4	4	4	4	2	4	2	3	3	3	4	3	3	4	4	3	3	3	2	3	2	2	3	3	4	4	2	3	4	3	4	4	2	2	3	3	3	2	1	3	3	3	2	2	2	4	2	4	2	4	3	2	2	1	2	3	120	3	1	2	0	4	4	5	3	4
174	54	1	6	6	5	5	6	5	6	5	6	6	6	6	6	6	5	6	6	6	6	6	6	6	6	6	2	2	2	2	2	1	2	2	2	2	4	4	4	5	2	2	4	4	4	3	4	2	1	3	4	5	4	4	4	4	5	5	3	3	4	4	4	4	4	3	3	5	4	4	4	4	2	3	5	5	5	5	5	5	5	5	2	3	2	4	2	2	1	1	1	1	1	3	3	4	1	2	3	17	6	2	3	0	4	4	4	4	5
182	32	1	7	7	6	7	7	6	6	7	7	7	7	6	7	7	7	7	7	7	6	7	7	6	7	7	4	3	4	4	4	4	2	3	2	2	2	2	3	2	2	3	2	4	4	4	4	2	4	3	3	2	2	2	2	2	3	2	3	3	2	3	2	1	1	2	1	2	3	3	3	2	3	3	5	2	2	2	2	1	2	3	3	3	2	4	3	3	3	1	1	2	1	3	3	3	1	2	1	55	2	5	2	0	4	4	4	4	4
183	22	2	3	4	2	5	3	5	5	5	5	6	5	5	5	4	5	4	4	7	4	4	5	5	5	5	4	5	5	5	5	5	2	2	2	3	1	2	3	2	3	3	2	2	3	4	4	2	1	1	1	2	2	4	2	3	2	2	1	1	2	2	1	2	1	1	1	2	2	2	2	2	2	2	3	2	1	3	3	2	2	1	2	3	3	3	4	3	5	1	1	1	4	3	4	2	1	2	1	20	2	1	2	1	4	1	2	2	1
190	22	2	7	7	4	7	7	6	7	7	6	6	7	7	7	6	7	6	7	4	5	5	7	5	4	5	5	4	5	5	3	5	1	1	1	1	1	3	1	2	2	2	1	2	5	5	5	2	1	3	1	1	1	4	1	1	3	2	4	4	1	1	1	1	1	1	1	1	1	2	3	2	1	1	1	1	1	1	1	1	1	1	4	4	2	3	3	4	5	1	3	1	3	4	4	4	1	3	0	75	0	1	2	1	4	4	4	5	3
196	29	2	5	6	4	6	5	4	5	5	5	5	4	5	5	4	6	5	5	4	5	4	6	5	5	5	3	3	3	3	3	3	2	3	2	2	3	3	4	3	2	2	3	3	4	4	4	2	3	2	3	2	2	3	3	2	2	2	3	3	2	2	1	2	2	2	2	3	2	2	3	2	3	3	4	3	2	3	2	2	2	1	3	3	3	4	4	4	4	1	3	1	3	3	3	3	3	8	1	95	3	2	2	0	5	4	4	4	3
202	24	1	6	5	4	4	3	5	3	4	5	5	5	5	5	4	3	4	4	5	6	5	5	5	5	5	4	4	4	3	4	3	1	1	2	2	2	2	1	3	2	2	2	2	3	3	4	2	2	2	3	3	2	5	4	3	2	2	4	3	5	2	1	2	3	2	3	2	2	3	2	3	2	1	1	2	1	1	3	4	3	2	2	2	2	2	1	2	3	1	2	1	2	3	3	2	1	3	1	150	1	1	2	0	5	4	5	5	4
208	36	2	6	6	5	4	6	6	5	6	6	6	6	6	6	6	6	6	6	6	7	7	6	7	7	7	4	4	4	4	4	4	2	2	1	1	2	4	4	3	2	2	2	2	4	4	4	2	3	2	2	1	2	4	3	3	1	1	3	3	2	2	1	3	3	2	2	3	2	2	2	2	1	4	5	2	2	2	1	1	1	1	1	2	3	5	5	4	4	3	2	2	3	4	4	4	4	1	0	65	3	2	2	0	4	4	4	4	2
212	24	2	4	5	3	6	5	6	5	4	5	4	5	5	4	5	5	5	5	6	5	5	6	4	5	4	3	3	3	4	4	4	2	4	3	3	2	2	5	5	3	2	2	5	3	3	3	2	4	4	4	1	1	4	4	3	3	3	4	4	4	3	2	2	1	3	2	4	4	2	3	3	2	3	3	1	1	1	1	1	1	1	3	3	3	4	4	4	4	1	1	1	1	3	4	3	3	3	1	130	1	2	2	0	5	4	5	4	4
216	21	2	5	5	3	5	5	4	4	4	5	5	5	5	5	5	5	5	5	5	5	4	6	5	4	5	3	4	4	4	4	4	3	4	2	3	3	4	2	3	3	3	2	3	3	3	4	2	3	2	2	3	2	2	2	3	2	2	3	3	3	3	2	2	1	2	1	2	3	3	2	2	2	2	4	2	2	2	2	2	2	2	4	4	3	4	4	4	4	2	3	2	3	3	3	3	4	5	1	140	1	2	2	0	4	1	4	2	4
221	18	2	5	7	4	5	6	5	4	5	5	5	7	7	5	3	4	4	4	5	6	6	5	7	7	7	4	4	4	3	3	3	4	3	3	3	4	4	2	2	2	3	1	2	4	5	3	2	1	1	2	2	3	3	4	2	1	1	4	4	3	3	3	2	3	2	2	2	2	3	2	2	3	2	2	2	2	2	2	2	2	2	4	4	4	4	4	5	5	1	3	2	3	5	5	4	3	4	0	50	1	1	2	1	5	5	5	2	5
222	30	2	5	5	2	6	6	1	6	6	6	4	6	6	6	6	6	6	6	5	5	5	2	6	4	4	3	2	4	3	3	3	3	1	2	3	2	2	5	2	4	4	5	5	3	3	2	2	1	3	2	3	4	2	1	4	5	5	2	1	2	3	3	3	3	3	1	3	4	4	4	4	4	1	1	4	3	4	4	4	4	4	3	1	3	1	1	3	3	1	1	1	1	4	4	3	1	4	3	40	3	2	2	1	5	5	4	3	4
228	19	2	6	7	6	7	6	5	6	7	7	7	7	7	6	6	7	7	6	6	6	5	7	6	5	6	4	4	4	4	4	5	2	3	2	2	2	4	2	3	4	3	2	3	5	4	4	2	3	1	2	2	2	4	3	2	3	3	3	3	2	3	1	2	1	1	1	2	3	2	1	1	3	2	1	2	2	3	2	2	1	1	2	3	4	4	5	4	5	2	3	3	4	4	4	4	3	4	0	70	1	2	1	0	2	2	4	4	5
235	34	2	7	6	6	7	7	6	6	6	7	6	7	7	7	6	6	7	6	7	7	7	7	7	7	7	4	4	4	3	2	4	2	4	1	1	1	2	4	3	1	1	4	4	5	5	5	2	3	1	3	2	2	5	3	2	1	1	5	5	2	2	1	3	2	1	2	3	2	1	2	3	3	3	3	2	2	3	3	2	2	2	5	5	4	1	1	1	5	1	1	1	1	4	3	4	1	2	2	110	2	2	2	0	5	5	5	5	5
238	35	2	6	6	6	6	6	6	6	6	6	6	6	6	6	6	6	6	6	6	6	6	6	6	6	6	4	4	5	4	3	3	1	2	2	2	2	1	2	2	2	3	1	1	3	3	2	2	4	2	3	3	3	2	2	2	2	2	3	3	3	3	1	1	2	2	1	2	2	2	2	2	1	2	3	2	1	1	1	1	1	1	4	4	4	4	4	4	4	1	2	1	2	4	5	5	2	4	0	5	4	1	2	1	4	4	4	4	4
239	21	1	7	7	7	7	7	7	7	7	1	7	4	6	3	7	7	7	7	1	1	1	7	7	7	7	3	1	1	3	3	2	1	6	1	1	4	4	6	6	2	2	6	6	4	2	4	2	5	5	5	3	4	5	4	5	5	5	4	4	4	4	3	2	5	5	5	5	5	5	5	5	3	5	5	2	2	2	5	4	5	5	1	1	1	2	2	2	3	1	1	1	1	1	1	1	4	2	2	100	3	2	2	0	3	3	2	4	3
245	21	2	6	7	6	7	7	6	6	6	6	6	7	7	6	5	6	6	6	6	6	6	5	6	7	7	3	3	4	5	3	5	1	1	2	2	1	2	2	2	2	2	1	1	4	4	3	2	3	2	2	2	3	3	4	2	1	1	3	3	2	1	2	1	1	1	1	1	1	1	1	1	3	2	2	1	1	2	1	1	1	1	4	4	3	5	5	4	4	1	2	3	2	4	4	4	5	2	0	50	2	2	2	1	5	5	5	4	5
247	23	2	6	6	6	7	5	7	6	7	6	6	7	7	7	6	6	6	7	6	3	4	5	3	6	6	3	5	4	3	3	3	1	1	2	2	2	2	2	4	3	3	2	2	5	5	5	2	3	2	1	1	1	3	3	4	2	2	5	5	5	5	2	2	4	4	2	1	2	2	2	3	1	3	2	4	3	3	1	1	1	1	1	3	3	5	5	5	5	2	4	2	4	5	5	4	1	2	1	350	1	3	2	1	4	3	5	3	3
254	27	2	3	3	5	4	3	4	4	4	3	5	5	5	5	7	7	7	7	3	3	3	5	3	3	3	5	5	5	4	4	4	4	2	2	2	1	2	1	1	2	2	1	1	4	4	4	2	2	2	1	1	1	3	2	2	3	3	3	3	2	3	2	2	1	2	1	1	1	1	1	1	1	1	1	1	1	1	1	1	1	1	2	2	1	5	5	5	5	2	4	4	4	5	5	5	1	4	0	 	3	1	2	1	5	4	4	4	4
255	32	2	6	6	5	6	6	6	6	7	6	6	6	6	6	6	6	6	6	5	5	5	5	6	7	6	4	4	4	3	3	2	3	4	2	2	4	4	4	3	2	2	2	3	4	4	4	2	2	2	2	3	2	4	4	3	1	1	4	4	4	4	3	2	3	1	2	2	2	2	3	3	2	3	3	3	3	3	3	3	2	2	1	2	2	2	3	3	3	1	2	2	3	3	3	4	1	2	0	15	2	2	2	1	2	1	1	2	4
265	31	2	7	7	6	6	7	5	6	7	7	7	7	7	7	6	7	7	7	6	6	6	6	6	5	5	4	3	4	5	5	5	2	2	1	1	5	2	2	1	2	2	4	4	3	3	3	2	3	2	2	3	3	4	3	3	3	2	3	3	4	3	4	2	4	4	4	4	4	4	3	3	2	2	2	2	2	4	4	4	4	4	4	4	4	4	4	4	4	2	2	4	2	4	4	4	1	4	2	100	3	1	2	1	3	4	5	4	3
269	24	2	6	6	5	5	6	6	5	5	5	4	6	5	4	5	6	6	6	6	6	6	4	6	6	6	3	4	4	4	3	3	2	2	2	2	5	5	2	2	2	2	2	2	4	4	4	2	4	2	4	2	3	4	5	2	4	2	5	5	5	5	5	2	5	2	4	2	2	2	2	2	2	2	2	1	1	3	1	2	2	2	4	4	3	4	4	4	4	1	3	1	3	4	4	4	 	2	1	100	2	2	2	1	4	5	4	2	3
273	29	2	7	7	5	7	6	7	6	6	6	6	6	6	6	6	6	7	7	6	6	6	6	6	7	6	4	4	5	4	3	3	1	6	2	2	1	1	1	1	2	2	1	1	4	4	4	2	3	3	2	1	1	2	2	1	1	1	3	3	2	3	2	1	1	1	1	3	1	2	2	1	2	1	1	1	1	1	1	1	1	1	3	4	4	5	5	5	5	3	3	4	4	5	5	5	4	3	0	50	3	1	3	1	4	4	5	4	4
280	40	2	7	7	7	6	7	6	7	7	7	7	7	7	7	6	7	7	7	5	5	5	7	7	7	7	4	5	5	5	5	5	1	1	1	1	1	1	1	1	2	2	1	1	4	4	5	2	1	3	1	1	1	2	1	1	3	3	3	3	3	1	1	2	1	1	1	2	2	3	2	2	2	1	1	1	1	3	1	1	1	1	3	3	2	4	4	5	5	1	1	1	1	5	4	4	1	4	1	250	1	1	2	1	5	2	5	5	5
282	25	2	5	5	6	6	5	5	5	5	5	3	6	4	5	4	4	4	4	5	5	5	6	4	5	5	2	4	3	2	2	2	2	4	2	2	4	4	4	4	3	3	4	4	4	3	3	2	2	2	3	4	3	3	3	2	4	4	4	4	4	3	2	2	2	2	2	3	4	3	4	3	3	4	4	3	3	3	5	5	5	5	4	4	3	2	2	4	3	1	1	2	4	3	3	2	5	2	1	200	2	1	2	1	4	4	5	4	2
284	22	2	5	7	4	6	7	5	5	5	7	7	7	7	7	5	7	6	6	7	7	7	6	6	7	7	3	4	3	3	2	2	3	2	1	2	4	4	6	6	2	2	6	5	3	4	4	2	5	4	3	2	2	3	3	3	4	4	4	3	3	2	1	1	1	3	1	4	5	2	4	4	2	5	5	1	1	1	4	4	4	2	3	1	4	4	4	1	2	1	1	1	3	1	4	1	1	2	1	150	1	2	2	0	4	1	2	2	4
287	57	2	7	6	2	7	7	7	7	6	5	5	6	7	6	6	7	6	6	5	6	6	5	6	5	5	1	1	2	3	3	3	3	2	1	1	2	2	6	6	3	3	6	6	4	4	5	2	4	5	4	2	4	5	5	5	1	1	2	2	2	2	4	4	4	4	4	5	5	5	5	4	5	5	5	2	2	2	1	1	1	1	1	1	1	5	5	5	5	1	1	1	1	1	1	1	2	2	3	130	3	2	2	0	5	4	5	4	4
296	28	2	6	6	6	6	6	6	6	6	5	5	6	6	6	6	6	6	6	4	5	6	5	6	6	6	3	3	4	4	3	4	1	1	3	2	3	3	2	2	2	2	2	2	4	4	4	2	3	2	4	2	2	5	4	3	4	4	4	4	4	3	3	1	3	2	1	2	3	2	2	2	2	1	1	3	2	2	3	2	2	3	5	4	4	4	4	4	4	3	3	3	4	4	4	4	1	4	3	50	3	1	3	1	4	4	4	3	3
297	49	2	5	7	7	7	6	6	6	6	6	6	6	6	6	6	6	6	6	4	5	5	3	5	3	5	4	4	4	4	4	4	4	2	1	1	1	1	1	5	2	2	1	1	4	4	4	2	4	3	5	2	5	4	3	5	5	4	5	5	5	5	2	1	1	1	1	3	3	5	4	5	2	4	5	5	1	5	1	1	1	1	5	4	4	5	5	5	5	1	3	1	3	4	4	4	2	1	2	50	3	2	2	1	4	4	4	5	3
301	30	1	6	6	4	6	7	6	6	6	6	5	6	6	6	6	6	6	6	6	6	6	6	6	6	6	4	3	3	3	3	3	1	1	2	2	1	1	1	1	2	2	1	1	4	4	4	2	2	2	3	2	2	1	2	2	2	2	2	3	2	3	2	2	2	2	2	2	2	3	3	3	3	2	2	2	2	3	2	2	2	2	3	3	3	4	4	4	4	1	1	1	2	4	4	4	1	4	0	100	2	3	2	1	5	4	4	4	3
1	32	2	6	7	5	6	7	6	6	6	6	5	5	6	6	7	6	6	7	7	7	6	7	6	7	7	5	4	4	5	5	5	1	1	1	1	1	2	3	1	1	1	3	3	3	4	4	3	4	2	4	4	3	4	3	1	2	2	2	2	2	2	1	2	1	2	1	3	2	2	2	2	4	4	4	2	1	1	1	1	3	1	4	4	4	5	5	5	5	1	4	5	4	3	3	3	3	1	2	80	3	2	2	1	4	4	4	4	3
3	25	2	7	6	7	7	6	7	7	7	7	7	7	7	6	6	6	7	7	6	6	6	6	6	6	6	4	4	4	4	3	4	1	2	2	2	3	4	1	2	2	2	2	1	4	4	5	3	4	3	3	2	3	3	4	3	1	1	5	5	5	5	1	1	1	1	1	3	3	3	3	4	2	3	4	3	4	4	3	3	3	3	3	4	3	4	2	4	4	2	4	4	4	4	4	4	2	1	0	55	3	2	2	1	4	2	4	2	3
4	29	2	6	4	5	5	4	7	7	6	4	4	4	1	5	3	4	3	4	3	4	4	6	6	4	2	2	1	1	3	1	2	2	2	3	2	5	6	6	6	2	6	6	6	3	2	1	3	5	3	5	3	3	5	5	5	5	5	5	5	5	3	5	5	5	5	5	5	5	5	5	5	3	5	5	5	5	5	5	5	5	5	5	5	5	1	1	2	1	4	3	1	3	1	1	1	1	4	3	100	3	1	2	0	4	4	5	4	4
5	30	2	6	6	7	7	7	7	7	7	7	6	6	6	6	6	6	6	6	7	7	7	7	7	7	7	5	5	5	4	4	4	1	4	1	1	5	5	3	1	1	1	1	1	4	4	4	3	4	2	2	2	2	3	3	2	1	1	4	2	3	2	1	1	2	2	1	1	1	2	1	1	1	1	1	2	2	1	2	2	2	2	4	4	4	4	4	5	5	1	1	1	1	4	4	4	1	4	2	23	3	3	3	0	4	4	4	3	4
6	32	1	6	6	6	6	6	6	6	6	6	5	6	6	6	6	6	6	6	6	6	6	6	6	6	5	2	2	2	3	3	3	1	1	2	2	5	5	5	2	3	3	6	6	3	2	3	3	1	2	1	2	1	4	3	1	5	5	2	2	2	1	1	3	1	2	1	3	2	2	2	2	1	5	5	1	1	3	3	2	2	2	4	4	4	4	4	4	5	1	1	1	1	2	3	1	1	3	3	100	3	2	2	0	5	5	5	5	5
7	28	2	7	7	7	7	7	7	7	7	7	7	7	7	7	7	7	7	7	7	7	7	7	7	7	7	4	3	4	4	4	4	2	2	3	3	2	2	4	4	3	3	2	2	3	3	3	3	3	3	3	2	3	3	3	3	3	3	3	3	3	3	3	3	3	3	3	3	3	3	3	3	3	3	3	2	2	2	2	2	1	1	3	3	2	4	4	4	4	2	4	2	2	4	4	3	1	6	2	60	2	2	2	0	4	4	5	4	5
10	38	2	5	6	5	5	6	4	7	4	5	3	5	3	6	7	7	6	6	5	2	2	4	3	5	4	3	3	2	3	4	3	2	3	2	3	2	2	4	5	2	2	1	1	4	4	4	3	5	3	5	4	5	5	4	5	5	5	3	3	3	3	2	1	5	4	3	4	4	2	3	2	5	4	4	2	2	4	2	2	2	1	4	2	1	3	4	5	5	1	2	1	3	3	4	2	1	5	2	999	2	1	2	1	3	3	4	2	3
13	21	2	7	7	6	5	6	6	7	6	7	7	7	7	7	7	7	6	6	7	7	7	7	7	6	6	4	4	1	4	3	4	5	6	2	1	2	3	6	6	2	2	6	6	4	3	4	3	5	3	3	3	5	5	5	5	5	5	3	3	3	3	3	3	3	3	3	4	4	5	5	5	5	5	5	1	2	2	3	4	5	5	3	3	3	1	1	1	1	1	3	1	3	1	4	1	1	2	2	200	3	1	2	0	4	4	5	4	2
15	22	2	6	7	6	6	7	5	6	6	7	7	7	7	7	6	5	6	6	7	6	7	7	7	7	7	2	3	2	3	2	1	1	5	2	2	5	4	2	5	5	5	2	5	4	3	4	3	5	3	1	1	2	5	5	4	2	2	4	4	3	2	4	5	4	5	4	4	3	3	3	3	4	5	5	2	2	3	3	4	3	1	4	4	4	5	5	5	4	1	1	1	1	4	3	4	4	6	3	120	3	2	2	0	5	2	4	2	4
19	49	2	6	6	3	6	6	6	6	6	3	3	4	4	4	6	6	6	6	1	1	1	1	2	5	4	4	3	2	3	2	3	4	3	3	3	5	5	4	2	4	3	2	2	3	3	3	3	5	5	5	2	3	3	3	3	1	1	3	3	2	2	1	2	1	2	1	2	2	3	3	3	2	3	4	3	2	2	2	1	1	1	2	2	4	2	2	2	2	1	1	1	1	4	4	4	2	1	1	8	1	1	3	0	4	4	4	4	2
27	42	2	7	7	7	7	7	7	7	7	7	7	7	7	7	7	7	7	7	7	7	7	7	5	5	5	5	1	4	3	3	4	1	3	1	1	1	1	6	6	2	2	6	5	2	2	3	3	5	5	5	2	3	5	2	2	5	5	5	5	5	5	5	2	5	5	5	5	4	4	4	3	3	3	5	3	3	5	5	5	3	3	3	3	4	2	2	2	4	1	2	1	1	2	2	2	1	5	3	100	10	2	3	1	5	5	5	2	5
28	25	2	4	5	3	6	5	5	3	4	5	5	4	7	6	4	4	5	5	7	7	6	7	6	7	6	3	4	2	2	3	2	3	3	2	2	2	3	2	4	3	3	5	5	5	3	3	3	5	3	3	2	2	4	2	3	2	2	4	3	3	4	2	3	2	3	1	2	2	3	4	2	2	1	5	2	1	1	4	5	2	1	2	3	4	5	5	3	5	1	3	1	1	2	3	3	3	2	3	170	3	3	2	0	5	4	5	4	5
32	36	2	7	3	4	6	6	3	6	6	5	5	6	3	6	7	6	6	6	6	6	6	6	5	6	6	4	4	4	4	4	4	1	3	1	2	1	2	2	2	2	2	1	2	3	4	4	3	3	3	2	2	2	3	4	3	5	3	3	3	3	2	1	2	1	1	1	2	2	2	3	2	1	3	3	1	1	1	1	2	1	1	3	3	4	2	2	2	3	2	2	2	2	4	4	3	1	4	1	 	3	1	2	1	5	4	5	2	5
35	25	2	5	6	6	6	6	5	6	6	5	5	6	6	5	5	5	5	5	5	5	5	5	5	6	6	2	4	4	4	2	2	2	3	3	4	2	2	3	5	3	3	2	2	3	4	4	3	2	2	2	2	3	3	3	3	4	4	3	3	3	3	3	2	2	2	2	2	2	2	3	2	2	2	3	2	3	3	3	3	2	2	3	3	3	3	2	2	4	1	1	1	1	2	3	2	4	4	2	350	2	1	2	1	2	2	4	4	5
36	24	2	6	6	6	6	6	6	6	6	7	5	6	6	6	4	6	6	6	7	7	7	7	7	7	6	4	4	4	4	5	3	1	1	2	2	1	1	4	1	2	2	4	2	4	4	4	3	2	2	2	5	5	2	3	2	3	3	3	3	3	2	1	1	1	1	2	3	4	4	3	4	4	5	5	4	3	4	3	4	2	3	4	4	4	1	1	1	1	2	2	2	4	4	4	4	3	3	1	3	3	4	3	1	5	2	4	2	4
38	22	2	7	6	5	6	6	6	6	6	7	7	7	7	7	6	6	7	6	5	5	6	6	7	7	6	3	3	2	2	2	1	3	2	2	2	3	3	4	4	4	4	4	4	3	4	3	3	2	2	4	2	3	5	4	2	2	3	4	4	3	3	4	2	3	3	3	3	3	2	3	3	2	3	4	4	3	2	2	3	2	2	4	4	4	4	4	2	4	1	4	2	4	3	4	2	5	3	2	200	2	1	2	0	5	5	1	3	5
39	30	2	5	7	3	5	6	5	5	6	5	4	7	6	7	6	7	6	7	7	7	7	7	7	7	7	4	2	4	4	4	4	2	2	2	2	3	3	2	3	2	2	3	2	4	3	3	3	4	3	4	2	3	4	2	2	4	4	4	3	3	3	2	2	3	2	2	2	2	3	3	3	2	5	5	4	3	2	2	2	2	2	3	3	4	4	4	4	4	2	2	2	2	2	3	2	1	4	3	140	3	1	2	0	5	4	4	4	5
41	26	2	5	6	5	6	5	6	5	5	5	5	5	5	5	5	5	5	5	4	5	5	5	6	6	6	2	2	1	1	1	1	2	2	2	2	2	4	6	5	3	3	6	6	2	2	2	3	3	3	3	2	2	4	3	3	3	3	3	3	3	3	3	3	3	3	3	3	4	3	3	3	4	5	4	3	2	3	4	4	4	4	5	5	5	5	2	3	3	1	1	1	1	2	2	2	1	5	2	85	3	1	2	1	5	4	5	5	3
43	30	2	6	7	7	6	6	7	7	7	6	5	7	6	6	6	6	7	7	6	7	6	7	6	6	5	4	4	4	4	4	4	1	1	1	1	2	2	2	1	2	2	1	2	4	5	4	3	2	2	2	3	2	2	2	2	2	2	3	3	3	3	2	2	2	2	1	3	2	2	2	2	2	2	2	2	1	2	1	2	2	2	4	4	4	3	4	4	4	4	4	4	4	4	4	4	1	5	0	30	3	1	2	1	4	5	4	4	4
47	26	1	6	6	5	6	6	5	6	6	6	6	6	6	6	5	6	6	6	5	5	6	7	5	6	6	4	3	4	4	4	4	1	2	2	2	2	2	2	2	2	2	1	2	4	4	4	3	3	2	3	2	1	2	3	3	1	1	3	3	2	3	2	2	1	1	1	2	2	2	3	2	2	3	3	1	2	2	1	3	2	1	4	4	3	4	4	4	4	4	3	1	2	4	4	4	1	1	0	40	3	2	2	0	4	4	4	2	3
50	23	2	7	7	6	7	6	6	5	6	6	7	6	7	6	6	6	6	6	5	6	6	6	7	6	6	4	4	4	4	4	4	2	2	1	1	3	3	2	2	3	2	2	2	3	3	3	3	2	2	2	1	2	3	3	2	2	2	3	2	3	3	3	3	1	2	1	2	2	2	2	2	2	2	2	2	2	3	3	3	3	3	3	3	3	4	4	4	4	1	3	2	3	4	4	4	1	3	0	120	2	2	2	0	5	4	4	4	5
51	25	1	6	7	7	7	7	5	7	7	7	6	7	7	7	7	7	7	7	7	7	7	7	7	7	7	4	4	4	3	4	3	2	2	2	2	4	3	4	3	2	2	3	4	4	4	4	3	2	2	2	2	2	4	2	3	3	3	4	4	3	4	2	3	1	2	2	3	3	3	3	2	2	3	3	2	3	3	2	2	2	2	3	3	3	4	4	4	4	1	4	1	3	3	4	4	1	3	0	100	3	2	2	0	4	4	4	4	4
54	20	2	5	6	4	4	5	5	5	5	5	3	4	4	4	5	5	4	5	5	7	6	6	6	6	5	4	4	4	2	3	4	4	3	3	3	4	5	2	2	3	3	2	2	2	3	3	3	2	2	3	3	3	4	3	2	2	1	3	2	2	2	1	4	3	2	2	3	2	1	1	1	2	3	4	2	1	2	3	4	4	3	4	2	2	4	4	4	4	1	1	1	1	4	4	3	4	5	2	107	2	1	2	0	3	3	2	4	3
56	23	2	6	5	5	3	6	5	6	6	6	6	6	6	6	6	4	6	6	5	5	5	5	6	6	6	5	2	2	3	2	2	3	2	2	2	2	3	3	2	2	3	2	2	4	3	3	3	5	4	5	4	4	5	4	5	5	5	4	4	4	4	4	4	4	4	4	3	3	3	4	4	4	5	5	3	3	3	4	4	3	2	3	4	4	3	3	3	3	1	1	1	1	4	2	2	1	3	3	100	3	2	1	0	4	5	4	2	3
57	23	2	5	5	4	5	4	3	3	4	5	5	5	5	4	5	6	5	5	5	6	5	5	6	5	6	4	4	4	3	4	4	2	3	2	2	2	4	2	3	2	2	2	2	3	3	3	3	3	2	2	3	3	5	4	3	3	2	4	4	4	4	4	2	4	2	2	3	2	1	1	1	3	2	1	3	2	3	2	3	2	2	2	2	3	2	2	4	3	1	3	1	1	3	4	3	1	2	2	 	3	2	2	1	3	3	4	2	3
59	30	1	5	6	5	6	6	5	4	6	5	5	6	6	5	4	5	5	5	6	5	5	6	6	6	6	3	4	4	3	3	3	3	2	2	2	2	3	3	2	4	3	2	2	3	4	4	3	2	2	2	1	1	2	4	3	4	3	3	3	3	4	2	2	3	2	3	2	3	2	2	2	2	3	3	2	3	3	2	2	2	1	3	3	4	5	5	5	5	1	4	2	3	3	3	4	1	4	1	96	6	1	2	1	4	4	4	4	5
60	32	1	3	4	4	4	3	4	3	4	4	3	4	5	4	5	5	5	5	5	3	3	3	4	4	4	2	3	4	3	2	3	2	3	3	4	3	2	2	2	2	3	3	5	2	2	2	3	3	2	2	2	2	4	3	2	2	1	3	3	2	4	2	2	2	3	2	3	3	2	4	3	2	4	4	2	2	4	3	1	1	3	5	2	2	3	3	4	5	1	1	1	1	4	4	4	1	6	1	10	3	3	2	1	4	4	5	5	4
62	59	2	4	4	1	6	7	6	4	6	5	5	5	5	5	7	7	7	7	4	4	4	6	4	4	4	1	1	3	4	4	3	4	1	3	3	1	1	5	5	3	6	6	6	3	3	1	3	3	3	4	2	4	3	3	2	1	1	5	3	4	3	3	3	2	3	3	4	3	4	3	3	2	5	3	1	1	1	3	5	3	1	2	2	2	4	4	4	4	1	1	1	1	5	5	5	2	1	2	100	2	2	2	0	5	4	5	4	4
63	25	2	6	7	5	5	6	6	5	6	7	7	6	7	7	7	6	7	7	5	6	6	7	7	7	7	3	4	5	4	4	4	1	2	1	1	3	3	2	2	2	2	3	3	3	4	4	3	3	2	2	1	2	4	3	1	2	2	3	3	3	2	2	2	2	2	1	2	2	2	2	1	2	1	1	2	2	1	2	2	2	1	3	3	3	4	4	4	4	2	4	2	2	3	4	3	1	5	2	80	3	1	2	0	4	2	2	2	5
64	22	2	7	7	7	7	7	7	7	7	7	6	7	7	7	7	7	7	7	6	7	7	6	7	7	7	3	4	2	2	2	2	2	2	2	2	1	2	4	4	2	3	2	5	4	3	3	3	4	2	5	5	4	4	3	4	5	5	4	3	5	4	2	2	3	2	1	3	5	3	3	3	4	3	2	3	3	3	4	4	3	3	1	2	2	2	2	2	2	1	2	1	2	2	2	2	4	3	1	100	3	1	2	1	4	3	4	4	5
70	45	2	5	6	6	6	6	6	6	6	6	5	6	6	6	6	6	6	6	6	6	6	6	6	6	5	3	4	4	4	4	4	1	1	2	2	2	3	2	2	3	2	3	3	4	4	4	3	4	3	3	3	3	4	2	3	3	3	3	3	3	3	3	2	4	2	2	3	3	3	3	2	3	1	1	3	2	3	1	3	1	2	4	4	3	4	4	4	4	4	1	3	4	2	3	2	1	3	3	100	3	1	2	1	5	4	4	4	4
77	24	2	4	3	4	7	7	3	7	7	7	7	7	7	7	7	7	7	7	7	6	7	5	7	7	7	5	3	3	2	2	1	3	5	1	1	2	3	4	6	1	1	1	1	5	5	5	3	3	3	4	3	2	3	4	3	4	4	5	5	5	5	3	3	4	2	2	3	4	2	2	4	3	5	5	2	1	3	1	1	1	1	5	5	5	5	5	3	5	5	5	5	5	5	5	2	1	3	1	10	2	2	2	1	4	5	4	2	2
80	34	2	3	3	2	4	4	4	4	3	4	5	5	5	4	5	5	5	5	4	4	4	4	5	5	5	4	3	4	4	4	4	2	3	4	4	4	4	1	2	4	4	3	3	3	3	3	3	3	4	4	3	2	3	3	4	2	2	2	2	3	3	2	2	4	1	3	4	3	2	3	3	4	3	3	2	2	4	3	5	2	1	4	3	3	3	3	2	3	2	2	2	2	4	4	4	1	4	3	 	3	1	2	1	4	3	5	3	3
81	41	2	6	6	5	5	6	6	4	5	6	5	5	6	6	5	5	4	4	6	6	6	5	5	5	5	4	3	4	4	4	4	2	2	2	2	3	4	4	3	2	2	5	4	4	3	4	3	4	2	3	2	3	5	4	4	5	5	2	2	3	3	4	3	2	2	1	3	3	2	4	4	2	5	5	2	1	4	3	5	3	2	4	4	4	2	1	4	3	1	1	1	1	4	5	5	1	5	2	23	3	3	2	0	4	4	4	5	2
82	24	1	6	7	5	6	7	7	6	6	7	7	7	7	7	6	6	6	6	7	7	7	7	7	7	7	4	4	3	3	3	3	4	4	2	2	4	4	4	3	2	2	3	4	4	3	4	3	2	2	3	3	4	4	3	4	3	3	4	4	2	2	3	3	2	2	1	3	2	2	3	3	2	4	5	4	2	3	1	2	2	2	2	3	4	2	4	2	2	1	2	1	2	2	2	1	1	2	0	60	3	2	2	0	5	4	4	4	4
84	39	1	7	6	5	6	6	6	6	6	6	6	6	6	6	7	6	6	6	7	6	6	7	6	6	6	3	3	4	4	4	4	2	2	1	1	2	2	4	2	2	2	4	3	3	3	3	3	3	2	3	3	2	2	2	2	2	2	2	2	2	2	2	2	2	1	1	2	2	3	3	2	1	4	4	2	2	2	2	2	4	2	4	4	3	3	3	3	3	1	1	1	1	3	3	3	1	7	1	70	1	3	2	0	4	5	3	3	5
86	50	2	3	3	2	3	3	3	2	3	3	2	2	3	3	3	3	3	3	3	3	3	2	2	3	3	4	4	5	4	3	3	3	3	2	2	1	2	1	1	3	2	1	1	4	3	3	3	3	1	3	1	1	2	2	3	1	1	5	5	3	5	1	3	1	1	1	1	2	1	2	2	1	1	3	1	1	1	1	2	1	1	4	4	4	5	5	5	5	1	3	1	3	5	5	4	2	6	1	30	1	1	2	1	4	3	5	2	2
88	23	2	5	6	3	6	7	6	6	6	5	5	5	6	6	4	7	7	6	6	7	7	7	7	6	6	4	5	4	5	4	5	1	1	2	2	4	4	1	1	1	1	1	1	5	5	5	3	3	1	2	2	2	2	2	2	3	3	4	4	4	4	2	3	3	3	3	3	3	2	2	1	1	1	2	3	2	2	3	3	1	2	3	3	3	4	4	5	4	3	4	1	1	4	4	4	1	2	1	30	3	2	2	1	4	4	4	4	4
91	21	2	6	6	5	6	6	6	6	6	6	6	7	7	6	5	5	6	5	4	5	5	5	5	5	5	5	4	4	2	2	2	4	3	2	3	5	5	2	3	2	2	3	4	4	4	4	3	3	3	3	2	2	2	2	3	5	5	5	5	4	4	2	2	2	2	2	2	2	3	3	3	3	2	2	2	1	2	2	3	1	1	4	4	4	4	4	4	4	1	1	1	1	3	4	4	1	3	0	80	0	1	1	1	5	4	5	4	4
93	37	2	7	7	6	6	7	5	3	7	5	4	7	7	7	5	5	5	7	5	5	5	7	7	7	7	3	2	2	3	2	2	2	6	1	1	3	3	5	5	2	2	5	5	4	3	5	3	2	2	2	2	4	2	3	3	3	3	3	3	3	3	3	3	3	3	2	3	3	3	3	2	3	4	4	1	1	1	1	1	1	1	3	3	3	4	4	4	4	1	2	1	2	4	4	4	5	3	2	140	2	2	2	0	5	4	4	4	4
95	50	1	4	4	3	4	5	4	4	4	4	4	4	4	4	4	4	4	4	5	5	5	6	6	6	6	5	5	4	3	4	4	2	2	2	2	3	3	2	2	4	4	4	4	3	3	3	3	3	4	5	2	2	3	2	2	3	3	3	2	2	2	1	3	1	1	1	2	1	2	1	1	1	1	1	1	1	1	1	1	1	1	2	2	2	3	3	3	3	2	2	2	2	3	4	4	1	6	3	97	3	1	1	0	2	5	4	2	3
97	20	2	7	7	6	7	7	7	6	6	6	6	6	6	6	6	7	6	6	6	7	7	7	7	6	6	3	2	4	4	3	3	1	1	1	1	2	2	3	2	2	1	1	2	4	4	4	3	3	3	3	2	2	3	3	3	3	3	4	4	4	4	3	2	2	2	1	3	3	3	3	2	3	3	2	3	2	1	1	1	1	1	4	4	4	5	5	5	5	1	3	1	3	3	4	3	1	2	0	100	2	2	2	1	3	4	3	1	5
99	58	2	6	6	4	7	7	6	6	7	7	4	4	4	7	7	7	7	7	7	6	6	6	4	6	6	4	4	5	3	3	3	2	2	2	2	1	1	2	2	2	2	1	1	5	5	5	3	1	1	1	1	2	3	1	1	1	1	2	3	3	3	1	3	1	1	1	2	1	4	2	4	1	1	2	2	2	2	1	1	1	1	5	5	4	4	4	4	4	1	1	1	1	4	4	4	1	2	1	100	1	1	2	1	5	5	5	5	5
100	33	1	6	6	6	6	7	6	6	6	7	7	7	7	7	6	7	6	6	5	6	6	6	7	7	7	2	2	2	3	3	3	1	2	1	2	1	2	5	4	1	1	5	5	4	4	4	3	4	3	3	4	4	4	4	4	3	3	4	3	3	3	2	2	2	3	2	3	4	4	4	4	3	5	5	3	2	2	2	3	2	2	4	4	4	3	4	3	3	1	1	1	1	2	2	1	4	1	2	45	2	2	2	0	2	2	4	1	2
101	23	2	6	7	6	4	6	5	5	5	6	4	6	6	7	4	5	6	6	6	5	6	7	7	6	6	3	3	3	4	2	3	2	3	2	2	2	4	5	2	3	4	4	5	3	3	3	3	2	2	2	1	3	4	2	2	5	5	4	4	2	1	3	3	3	3	1	2	3	2	3	3	1	3	4	4	2	2	4	5	3	4	3	4	4	2	2	3	2	1	2	1	1	2	4	2	1	4	2	200	2	1	2	0	5	4	5	2	4
102	30	2	5	6	4	6	6	6	6	5	5	6	6	6	6	5	6	5	5	4	5	5	5	5	5	5	3	4	5	3	2	3	2	3	2	2	3	4	4	4	2	2	4	4	5	4	4	3	3	3	2	2	3	3	4	2	2	2	3	3	3	3	2	2	2	1	1	3	3	2	3	2	2	2	2	3	1	2	2	3	2	3	3	3	3	3	4	4	4	2	2	3	3	4	4	4	1	4	1	30	3	2	1	1	3	4	4	4	4
103	22	2	6	6	5	6	7	7	7	6	7	6	7	7	7	7	7	7	7	7	7	7	7	7	7	7	4	3	4	3	3	4	2	2	2	2	2	3	3	3	2	2	3	5	3	4	4	3	2	2	2	1	2	3	2	1	2	2	4	4	3	3	2	3	3	3	3	2	3	2	2	2	2	3	3	2	3	2	3	3	2	2	4	4	4	4	2	3	4	1	1	1	1	3	2	2	3	3	1	95	2	1	2	0	4	4	4	2	4
105	28	1	4	5	3	5	5	5	5	4	4	2	3	3	5	3	5	5	4	4	3	4	5	5	6	6	4	4	4	3	3	3	2	2	2	3	5	5	4	5	2	3	4	4	2	3	3	3	2	2	4	2	4	5	3	5	5	5	3	3	4	3	2	2	3	2	2	3	3	2	2	4	3	4	4	2	2	2	2	2	2	2	4	4	4	4	4	4	4	1	1	1	3	4	4	3	1	4	3	60	3	2	2	1	4	4	5	3	4
108	29	1	5	7	5	7	6	3	5	5	6	7	5	5	5	5	6	6	5	4	5	6	6	5	7	7	4	4	4	3	3	3	2	2	2	2	4	4	2	2	2	2	3	5	4	4	4	3	4	2	2	1	2	2	2	3	4	3	5	5	4	3	1	1	1	1	1	2	3	2	2	2	2	4	4	3	2	3	2	4	1	1	4	4	4	2	4	4	4	4	2	4	2	4	4	4	4	1	4	5	5	2	3	1	4	5	3	2	4
109	25	2	4	4	2	2	4	2	3	3	4	5	6	6	5	5	6	5	5	5	5	5	5	5	5	5	4	2	3	3	2	3	2	4	2	2	4	3	3	5	3	4	4	4	3	3	3	3	4	4	4	4	4	5	3	5	5	5	5	5	5	4	5	5	3	4	4	4	4	3	4	3	4	5	5	2	2	3	4	5	4	4	3	3	2	2	2	2	2	1	1	1	1	3	2	2	1	5	3	150	3	1	2	0	5	4	4	4	4
110	43	2	4	6	5	6	5	6	6	6	5	5	6	6	5	5	5	4	5	5	5	5	5	5	6	6	3	3	4	3	3	3	1	2	2	2	3	2	3	2	2	2	2	2	4	4	4	3	3	3	4	1	2	2	2	3	3	3	4	3	4	2	1	2	1	1	1	3	2	4	3	4	2	1	1	1	1	2	1	3	2	1	4	4	4	4	4	5	4	1	2	1	2	3	4	3	2	2	0	80	2	1	2	1	5	5	5	4	4
113	21	2	5	6	6	5	6	5	5	5	6	6	5	5	5	5	4	5	5	6	6	6	6	6	5	5	3	4	4	3	2	2	2	2	2	2	3	3	4	4	3	3	4	2	3	4	3	3	3	3	4	3	2	4	4	3	4	4	3	3	3	3	3	3	4	3	3	3	4	3	3	3	3	2	2	2	2	2	2	2	3	3	2	2	2	3	2	3	4	2	2	2	3	2	2	3	1	2	1	300	1	2	2	1	5	5	5	4	5
115	24	2	7	7	7	7	7	7	7	7	7	7	7	7	7	7	7	7	7	3	2	3	7	7	7	5	4	4	4	4	4	4	2	2	1	2	2	2	2	4	1	2	2	2	4	3	3	3	3	3	3	2	2	3	2	2	5	3	3	2	2	2	1	3	2	2	2	3	1	2	2	2	2	2	4	2	2	2	2	3	2	2	4	4	4	4	4	4	4	1	2	2	1	4	3	3	1	4	3	50	3	1	2	0	4	5	5	3	4
119	63	1	6	5	1	5	5	6	5	5	5	5	5	5	6	5	5	5	5	7	7	7	5	5	5	5	3	2	2	2	2	2	4	2	2	2	4	4	4	4	2	2	5	6	3	3	3	3	3	2	4	2	3	3	3	3	2	2	5	3	3	3	1	2	1	1	1	3	3	4	4	4	3	5	5	2	2	2	3	3	4	2	4	4	4	3	3	3	3	1	1	1	1	1	4	4	1	2	2	175	2	2	2	0	5	5	5	4	4
126	24	1	3	3	3	3	4	4	3	3	3	3	3	3	3	3	3	3	3	4	3	3	3	3	3	3	3	4	5	2	2	2	4	3	2	2	4	4	3	3	3	3	4	4	4	4	4	3	3	2	2	2	3	3	3	2	4	4	4	4	4	4	4	2	3	3	3	2	2	2	2	2	2	2	2	1	1	1	1	1	1	1	3	3	3	4	4	4	4	4	3	4	3	4	4	4	1	2	2	25	3	2	1	1	4	4	5	2	4
128	23	2	6	7	7	5	7	7	7	6	7	7	7	7	7	6	6	5	6	7	7	7	7	7	6	6	4	4	4	4	3	3	1	1	1	2	2	2	3	4	2	2	3	4	5	5	5	3	4	3	3	3	3	4	4	4	3	3	4	3	3	3	2	3	2	3	3	4	3	2	3	2	2	3	4	2	2	2	2	2	1	1	4	4	4	3	3	3	3	2	1	1	1	3	3	2	2	1	0	150	3	2	2	0	4	5	5	5	5
131	25	2	4	5	5	6	4	5	6	4	4	5	5	5	5	3	3	4	3	4	4	3	4	5	7	5	2	1	2	4	3	3	3	3	3	3	4	4	5	6	5	5	6	5	3	3	3	3	2	3	5	4	5	5	5	5	5	5	5	5	4	5	5	4	5	5	5	5	5	4	4	5	4	5	5	4	4	5	4	5	5	4	5	5	5	4	2	3	3	1	4	1	3	2	2	3	4	2	2	200	2	2	1	1	4	4	4	4	5
134	23	2	6	6	7	6	6	7	6	7	6	6	6	6	6	6	5	5	6	6	5	5	4	6	6	5	2	1	2	3	2	2	4	4	2	2	2	5	4	5	3	3	4	5	2	2	3	3	3	1	4	3	2	5	5	5	5	5	3	4	3	3	3	3	3	4	4	4	4	5	5	5	3	5	5	4	4	5	3	5	5	2	3	3	3	2	2	2	2	1	1	1	1	2	2	2	1	4	3	85	3	1	2	0	3	3	5	4	5
135	45	2	5	5	5	5	5	5	5	5	5	5	5	5	5	5	5	5	5	5	6	6	6	6	5	5	4	4	4	3	2	3	2	2	2	2	1	2	2	2	2	2	1	1	4	4	4	3	3	2	3	2	3	3	4	4	3	3	4	3	3	2	1	3	2	2	1	2	2	2	2	2	2	1	1	2	3	3	1	2	1	3	2	1	2	5	5	5	5	1	2	2	2	4	4	4	1	3	3	70	3	1	2	0	5	4	5	4	5
136	48	2	6	6	4	6	6	6	6	6	6	6	6	5	6	6	6	6	6	5	4	4	6	6	5	5	4	4	4	4	4	4	1	2	1	2	2	2	4	2	2	2	2	2	4	4	4	3	4	3	4	2	2	3	3	3	3	3	3	3	3	3	2	2	3	2	1	2	3	2	2	3	3	3	3	2	2	2	1	2	1	1	4	3	4	4	4	4	4	1	1	1	1	3	4	4	1	5	3	100	3	4	2	0	4	4	5	4	2
140	27	1	7	7	6	5	7	5	6	6	5	5	5	5	6	5	5	5	5	7	7	7	7	6	5	7	3	3	4	4	4	4	3	3	2	2	3	3	4	4	3	2	2	2	3	3	3	3	3	2	2	3	2	3	3	2	3	3	5	5	4	5	3	2	1	2	1	2	2	2	2	2	3	4	4	3	3	3	2	2	2	1	2	3	4	3	2	2	2	1	2	2	3	2	2	2	1	3	1	40	2	2	2	1	4	5	4	3	3
141	44	2	7	7	6	7	7	7	7	7	6	6	6	7	7	7	7	7	7	5	6	6	7	7	7	6	3	4	4	5	4	4	1	1	1	1	2	3	4	2	2	1	2	2	4	4	4	3	3	2	3	3	2	5	3	4	5	5	3	3	2	2	1	1	2	2	1	2	2	2	2	2	2	1	2	3	3	3	2	2	2	3	2	3	3	4	4	4	4	1	1	1	1	4	4	4	2	2	3	90	3	2	2	0	4	5	5	4	5
142	38	2	6	5	6	4	6	5	5	5	5	5	5	6	5	5	5	6	6	7	7	7	7	7	6	6	4	2	3	2	2	2	4	5	2	2	4	4	4	2	2	3	4	4	5	5	5	3	3	4	4	3	3	4	2	3	4	4	3	3	2	2	4	4	3	3	3	4	3	2	4	4	2	5	5	3	3	2	3	3	2	3	4	4	2	1	1	2	5	1	1	1	1	3	2	2	1	4	2	100	2	1	2	0	5	4	5	4	4
148	31	2	7	6	5	5	7	6	6	7	6	6	7	6	6	7	7	7	7	7	7	7	7	7	6	6	5	4	5	5	5	5	1	1	1	1	1	2	4	4	1	1	2	4	4	4	4	3	3	2	2	2	2	2	2	3	2	2	3	3	2	2	2	2	2	2	2	3	3	2	2	2	2	2	2	1	2	2	2	3	2	2	3	4	3	3	3	3	3	2	2	2	4	3	4	3	1	4	3	100	3	1	2	0	3	4	5	4	2
150	73	2	6	6	3	6	6	6	6	5	5	6	6	6	6	7	7	6	6	5	5	6	5	6	6	6	3	3	4	3	3	3	2	2	2	2	2	3	3	2	3	3	2	3	4	4	4	3	3	4	3	4	4	3	3	3	1	1	3	3	3	3	2	2	3	3	3	3	3	3	3	2	2	4	4	3	3	3	3	3	2	2	3	4	3	3	3	2	2	1	1	1	1	3	3	3	2	1	3	275	3	2	1	0	4	4	4	4	4
151	36	2	6	6	6	5	6	7	7	7	7	7	7	7	7	7	7	7	7	7	5	5	7	6	6	7	5	4	4	4	4	5	1	1	1	1	1	1	3	3	2	2	2	1	5	5	5	3	3	4	3	2	2	3	3	2	3	4	2	3	2	2	2	1	3	3	2	3	2	2	4	2	1	4	4	2	2	3	2	2	1	1	4	4	3	3	3	4	4	1	2	1	2	5	4	4	1	7	3	 	3	2	2	0	4	4	5	4	2
152	23	2	6	6	5	6	6	6	6	6	7	7	7	7	7	7	7	7	7	7	6	6	6	6	7	6	4	3	4	4	4	4	1	1	2	2	3	2	2	4	2	2	1	1	3	3	3	3	3	2	3	2	3	3	2	3	5	5	4	4	2	3	1	1	2	2	2	3	3	2	2	2	3	4	4	3	3	3	3	4	2	2	2	2	1	4	3	3	4	2	2	2	3	4	4	3	1	3	1	100	2	2	2	1	4	4	5	5	5
154	31	2	7	6	5	7	7	7	7	6	6	6	6	7	6	7	7	7	7	3	3	3	3	4	4	4	4	4	3	4	4	4	2	2	1	1	1	2	4	5	4	3	3	5	3	3	3	3	2	3	3	2	3	3	3	3	4	4	3	3	3	3	2	2	3	2	2	4	3	3	4	3	2	5	5	3	2	2	3	2	4	3	2	2	1	4	4	4	4	1	1	2	1	3	4	2	1	4	2	70	2	3	1	0	4	4	5	4	3
156	46	2	5	6	7	5	6	7	6	7	6	6	6	6	6	6	5	6	6	6	6	6	6	6	5	6	2	4	4	4	4	4	1	1	1	1	3	4	2	4	2	2	2	3	4	4	4	3	4	3	5	2	3	4	3	2	3	3	3	3	3	3	2	2	3	3	2	3	2	3	4	4	3	4	4	2	2	3	3	3	3	2	4	4	3	4	4	4	4	1	2	2	2	3	3	3	1	6	3	100	3	1	2	0	4	1	2	2	4
158	24	2	6	6	4	4	7	4	6	6	6	6	7	7	7	6	6	6	6	6	7	6	6	7	6	6	4	3	4	4	4	4	2	2	2	2	2	4	4	3	2	2	4	5	3	3	3	3	2	2	2	2	2	3	4	3	2	2	4	4	3	3	3	2	2	2	2	3	3	3	3	3	2	3	4	1	2	2	2	2	1	1	2	2	3	4	4	4	4	1	1	1	1	3	3	3	3	1	2	25	2	3	2	0	4	4	5	5	4
161	24	2	7	7	6	7	6	7	6	7	7	6	7	7	7	7	6	6	6	6	7	6	7	7	7	7	4	3	2	4	3	4	1	2	1	1	1	3	4	6	3	1	4	5	3	3	3	3	4	3	5	3	3	3	3	3	2	2	3	3	3	2	2	3	2	3	1	3	3	4	4	4	2	5	5	4	2	2	4	5	4	3	4	4	4	2	2	3	4	1	2	1	1	1	1	1	1	2	3	100	3	2	2	0	5	5	5	5	5
164	19	2	6	7	3	6	4	1	4	4	6	7	7	6	6	4	5	5	4	7	7	7	7	7	7	7	4	4	2	2	2	1	3	2	2	2	3	4	4	4	2	2	4	5	2	2	2	3	4	3	4	4	2	5	4	4	5	5	3	3	4	4	4	4	3	3	1	3	3	2	3	2	2	3	4	3	3	4	3	2	1	2	3	4	4	2	2	4	2	1	1	1	1	4	2	4	5	4	3	80	3	1	2	0	4	4	5	4	4
172	23	1	7	7	6	6	7	6	6	6	6	7	7	7	7	6	6	6	6	7	7	7	7	7	7	7	3	3	4	3	3	3	2	2	2	2	2	2	3	2	2	2	2	2	4	4	5	3	2	2	2	3	2	4	3	3	4	4	3	3	3	3	2	2	3	3	3	3	4	2	2	2	3	3	3	2	2	3	2	3	2	2	1	3	3	4	4	4	4	2	3	3	3	4	4	4	1	2	2	200	2	1	2	0	3	3	3	4	3
173	40	2	7	7	6	7	7	6	7	7	7	7	7	6	6	7	7	7	7	3	4	3	4	6	6	7	3	2	2	4	3	4	5	4	3	2	1	2	3	6	2	2	3	5	4	4	4	3	4	2	5	4	5	5	4	5	5	4	4	4	3	4	4	4	4	4	3	3	3	4	4	4	3	5	5	3	2	4	4	4	3	3	4	4	3	2	3	3	3	1	3	1	3	2	3	2	1	5	1	37	3	4	2	1	4	5	5	5	5
175	50	2	5	7	7	7	7	7	7	7	7	6	7	6	7	7	7	7	7	7	5	7	7	7	7	7	4	2	4	4	4	4	2	2	1	1	1	3	6	6	1	1	5	5	4	4	4	3	3	3	3	4	4	5	5	5	3	3	4	4	4	4	2	2	3	2	2	4	4	4	4	4	3	4	4	2	2	4	4	5	4	4	4	4	4	2	2	2	3	1	1	1	1	3	3	2	1	5	1	50	3	2	2	1	4	4	4	3	2
176	29	2	5	5	4	6	5	5	4	4	5	6	5	5	5	5	5	5	5	4	4	4	4	4	4	4	5	4	4	4	4	4	4	2	3	3	3	3	2	2	3	3	2	2	4	4	4	3	3	3	3	3	2	4	3	2	5	5	2	2	4	2	1	1	1	3	1	2	2	2	2	2	2	3	3	2	3	3	1	1	1	1	3	3	3	3	3	4	4	3	3	2	3	4	4	4	1	3	3	37	3	2	2	0	4	4	4	4	4
177	23	1	3	5	5	5	5	6	6	5	7	7	5	6	5	3	4	5	5	3	2	2	4	5	6	6	4	4	4	2	3	2	3	2	2	2	5	5	1	2	2	2	2	3	3	4	3	3	3	1	1	1	3	2	4	2	2	2	4	4	3	4	3	2	3	2	2	2	3	3	2	2	2	1	1	1	1	2	1	2	1	1	4	4	4	4	5	5	5	1	2	2	3	3	3	3	4	6	0	150	0	2	2	1	4	4	4	4	4
180	33	2	6	7	6	5	6	7	6	6	7	7	7	7	7	7	7	6	7	5	5	5	6	5	6	6	1	3	2	5	4	5	1	1	1	1	1	2	5	5	3	2	2	5	4	3	4	3	4	3	4	3	3	3	4	2	1	1	2	3	2	3	2	2	2	2	2	3	3	3	4	4	2	5	5	3	3	4	4	5	2	2	4	4	4	2	2	4	3	1	1	1	1	4	5	4	1	2	3	130	3	1	2	0	4	5	5	4	4
184	23	1	7	7	7	7	7	7	7	7	7	7	7	7	7	7	7	7	7	4	6	5	6	7	7	7	4	4	4	4	4	4	2	2	1	1	1	1	3	5	2	1	3	4	5	5	5	3	2	3	2	2	2	4	3	3	4	4	2	1	1	1	1	2	1	1	2	2	3	1	3	3	1	4	4	2	1	2	1	1	1	1	4	4	2	5	5	5	5	1	3	1	3	4	4	3	1	4	2	110	2	2	2	0	4	5	4	4	4
187	25	2	4	4	4	6	4	6	6	6	7	7	7	7	7	6	6	6	6	6	7	7	6	5	5	5	4	5	4	4	4	3	2	3	2	2	3	3	2	3	2	2	1	1	4	4	4	3	3	3	2	1	2	3	2	2	3	3	3	3	3	3	3	2	3	2	2	3	1	2	1	2	3	2	1	2	2	3	1	1	1	1	2	2	2	4	4	4	4	1	3	3	3	5	5	4	3	2	0	60	1	2	2	1	4	4	4	2	2
192	29	1	6	7	6	7	6	6	5	7	6	7	6	7	6	5	7	7	7	6	6	6	6	7	7	7	4	4	3	4	4	4	2	2	2	1	4	4	2	1	2	2	3	1	3	2	3	3	3	2	2	3	3	3	3	1	4	4	2	2	2	2	1	1	2	3	1	2	2	1	1	2	2	3	3	2	2	2	2	2	2	1	5	5	5	4	4	4	3	1	2	1	2	4	4	4	1	4	3	100	3	2	2	0	4	4	4	4	4
194	48	2	5	5	5	6	5	7	6	6	6	5	5	5	5	6	6	6	6	5	4	4	5	5	6	6	2	1	2	4	2	4	1	2	2	2	2	2	4	6	3	3	5	5	4	4	4	3	4	2	3	2	4	4	4	4	4	4	5	5	5	4	1	3	1	3	2	3	3	3	3	4	3	4	4	3	3	4	2	2	2	1	2	3	4	4	4	4	4	1	1	1	2	3	3	2	2	1	2	 	2	2	2	1	4	4	5	4	2
200	25	1	6	6	6	7	7	6	6	6	5	5	7	7	6	6	6	6	6	7	7	7	7	7	5	5	3	3	2	2	2	2	3	4	2	1	5	5	4	4	2	2	5	5	4	4	5	3	5	5	5	3	2	5	4	3	5	5	5	5	5	5	4	3	3	2	3	3	3	4	4	2	2	5	5	3	2	2	4	4	5	3	5	5	5	2	1	4	4	1	1	1	1	3	3	2	1	2	2	200	2	2	2	1	4	4	5	4	4
207	35	2	7	6	6	6	6	6	7	6	6	6	6	6	6	6	6	6	6	3	2	2	3	5	5	5	4	3	4	4	4	3	2	4	1	2	3	3	5	5	3	3	5	5	4	4	4	3	3	3	4	2	2	3	3	4	3	3	3	3	3	3	1	3	3	4	3	4	4	4	3	2	3	4	4	2	2	3	2	4	2	2	2	3	3	4	5	5	5	2	2	2	2	4	4	4	1	3	2	75	3	2	2	1	5	5	5	2	4
209	24	1	2	6	3	6	5	6	7	6	7	7	7	7	6	6	7	7	7	7	7	7	5	5	7	7	3	1	1	3	3	1	5	3	1	1	1	4	6	6	1	3	6	6	3	3	3	3	5	5	5	4	5	3	4	4	5	3	5	5	3	4	5	5	5	4	4	4	5	3	5	4	4	5	5	3	3	4	5	5	5	5	5	5	5	2	2	1	3	1	1	1	1	1	1	2	1	2	2	200	2	2	2	0	4	4	4	2	4
211	19	2	7	7	5	6	7	7	7	7	7	7	7	7	7	7	7	7	7	3	4	5	7	7	7	6	3	2	1	5	3	3	4	4	3	1	2	2	6	5	5	5	6	6	4	4	5	3	3	4	4	1	2	3	3	3	2	2	3	3	2	3	1	4	4	3	4	4	5	5	4	2	2	5	5	1	1	2	3	3	2	2	4	5	4	5	2	5	5	1	1	1	1	3	4	2	1	2	2	175	2	1	2	0	2	1	2	2	2
214	51	2	5	7	7	7	7	1	3	3	1	2	2	5	4	4	6	6	5	3	4	4	3	7	7	7	2	1	1	3	3	2	6	4	3	3	1	1	6	6	5	6	6	6	1	1	1	3	5	1	1	3	5	5	5	5	5	5	3	3	3	3	4	3	3	5	4	5	5	4	4	4	3	5	5	2	1	4	5	5	5	3	1	1	1	4	4	4	2	1	1	1	1	1	1	1	2	1	2	 	3	1	2	1	4	4	4	4	2
215	25	1	6	6	5	5	7	6	5	7	7	7	6	6	7	6	7	6	7	4	6	6	7	7	6	6	2	2	4	2	2	2	3	2	2	2	5	5	3	2	2	2	3	3	3	4	3	3	3	3	4	2	4	5	4	3	1	1	4	3	4	4	2	3	2	2	2	3	3	3	2	2	2	3	3	2	2	2	2	3	2	2	4	4	3	2	3	3	4	1	2	2	2	2	3	3	3	2	0	25	2	3	2	0	4	4	4	3	4
217	24	2	6	7	7	7	5	6	7	7	5	5	5	6	5	4	6	6	6	4	5	5	5	6	7	7	4	4	4	4	4	3	1	1	2	2	1	1	4	2	3	5	2	3	3	4	3	3	5	2	4	2	3	4	3	2	2	2	2	2	2	2	2	2	1	2	1	3	4	3	2	1	3	2	2	2	2	4	4	5	3	4	3	3	2	2	2	3	2	1	2	1	1	2	2	3	4	1	0	 	2	2	2	1	5	1	5	2	4
218	42	2	4	4	3	4	3	4	3	3	4	3	3	3	3	3	3	3	3	4	4	4	4	3	3	3	2	2	2	4	2	2	2	3	3	3	4	4	5	5	6	6	5	5	3	2	3	3	5	3	4	3	3	5	3	3	5	5	3	2	2	4	2	4	3	3	3	4	5	5	5	5	4	5	5	3	3	3	3	3	3	2	4	4	4	2	2	2	2	1	1	1	1	2	2	2	1	4	3	130	3	1	2	0	2	3	1	4	2
219	22	1	5	6	3	6	6	2	4	5	3	2	5	3	5	6	6	5	6	6	7	6	7	6	5	5	2	3	4	2	3	1	3	3	2	2	5	5	3	4	4	4	5	6	2	3	3	3	4	3	3	3	3	5	5	5	2	3	3	4	4	3	2	3	4	4	3	5	4	2	4	4	2	4	4	2	3	5	1	2	1	1	3	4	3	4	4	4	4	1	1	1	1	4	4	2	3	4	1	90	2	2	2	0	4	4	3	3	4
223	49	2	4	4	4	4	4	4	4	4	4	6	6	5	5	4	4	4	4	5	3	3	6	4	3	3	3	4	4	3	2	3	2	1	2	1	1	2	1	5	2	3	2	2	5	4	5	3	3	1	3	3	3	4	3	4	3	3	4	3	3	1	2	2	3	2	1	3	3	2	2	2	2	4	4	1	2	2	4	5	3	3	3	4	3	2	3	3	2	1	2	2	2	4	4	3	1	4	1	95	1	2	2	0	4	4	4	2	2
224	21	2	7	7	6	6	7	7	6	7	7	7	7	7	7	7	7	7	7	6	7	7	7	7	7	7	3	3	2	3	3	3	2	2	2	2	1	1	4	4	2	2	2	5	3	4	4	3	4	3	5	2	3	3	5	3	4	3	2	3	3	1	2	1	1	2	1	4	4	2	3	3	2	5	5	2	2	2	2	4	3	2	2	2	2	2	2	3	3	1	2	1	1	2	3	1	3	3	3	60	4	2	1	0	4	4	4	4	3
227	33	2	7	7	7	7	7	7	7	7	6	6	7	7	6	6	6	6	7	5	5	4	6	7	5	4	3	2	4	4	4	4	2	1	1	1	2	2	3	3	3	4	1	4	4	4	4	3	5	3	5	1	2	5	5	3	2	3	3	2	2	2	2	3	2	3	2	3	4	3	4	2	2	3	3	1	1	1	2	4	2	1	5	5	5	3	4	3	4	1	4	1	3	3	4	2	5	2	1	130	1	3	2	0	5	4	5	4	5
236	28	1	5	6	5	6	6	6	5	6	4	4	5	5	5	5	6	5	5	5	5	5	5	5	5	5	4	4	4	3	3	2	2	2	2	1	2	3	2	2	2	2	2	2	4	4	4	3	3	3	3	2	2	2	2	2	3	3	4	4	3	3	2	3	3	2	3	3	2	2	2	2	3	3	3	3	2	4	2	2	2	2	4	4	4	4	4	4	4	1	2	1	2	4	4	4	1	3	2	 	3	2	2	1	2	1	4	1	4
237	26	2	6	6	6	6	6	6	6	6	6	6	6	6	6	6	6	6	6	6	6	6	6	6	1	1	4	2	2	3	3	2	4	6	2	2	3	4	6	6	4	4	6	6	3	3	3	3	3	4	4	3	3	3	3	3	3	3	3	3	4	3	3	3	3	4	3	4	4	4	4	4	4	4	4	3	2	2	2	3	2	2	3	2	4	2	2	2	2	1	1	1	1	3	3	3	4	4	3	10	4	1	2	0	5	4	4	4	5
241	32	2	6	6	6	4	4	6	6	4	4	4	4	6	5	5	5	5	5	5	5	5	5	4	5	5	2	3	4	3	3	3	1	2	2	2	5	5	2	4	3	2	2	2	2	3	3	3	5	3	3	3	4	3	4	4	3	3	4	5	3	3	3	2	4	4	1	4	4	3	4	5	4	2	2	2	3	3	4	4	3	3	2	2	2	4	1	3	4	1	4	1	3	1	3	1	5	2	10	150	1	1	1	1	5	4	5	4	4
242	25	2	6	7	6	6	7	7	7	7	6	6	6	6	6	7	7	7	7	5	7	6	7	7	7	4	5	5	5	5	5	5	1	1	1	1	1	1	1	2	1	1	1	2	5	5	5	3	3	2	2	2	2	5	4	3	4	4	4	3	3	3	1	1	1	2	1	2	4	1	2	2	2	1	1	1	3	2	2	4	1	1	4	5	5	4	4	4	4	1	4	4	4	5	5	5	1	9	3	130	4	1	2	0	4	3	4	4	5
244	48	1	5	6	5	5	6	5	5	6	6	6	6	6	6	5	6	5	5	5	5	5	5	5	6	6	4	3	3	3	3	2	2	2	2	2	2	2	5	4	2	2	4	4	4	4	4	3	3	2	3	2	3	4	2	2	3	3	4	4	3	3	1	2	2	2	2	4	4	4	3	3	3	3	3	2	1	3	2	4	3	1	1	2	2	4	4	4	4	1	2	1	2	2	2	2	1	5	0	200	0	2	2	1	5	5	4	2	3
250	33	2	7	7	7	6	7	7	7	7	7	7	7	7	7	7	7	7	7	6	6	6	7	6	7	7	2	2	5	4	2	2	1	3	1	1	1	1	4	4	3	3	4	4	3	4	3	3	3	3	3	2	2	4	1	2	3	3	4	4	3	3	2	2	3	2	3	3	3	4	2	3	4	2	2	2	2	3	2	3	2	3	4	4	3	4	2	2	3	1	1	1	1	2	2	1	1	5	3	90	3	1	2	0	4	4	5	4	4
251	29	2	4	7	5	7	6	6	6	4	6	6	3	3	4	5	4	5	4	6	5	5	4	4	5	5	2	3	3	1	1	1	4	3	3	3	4	5	2	2	3	3	5	5	4	3	4	3	2	2	1	1	2	3	4	4	2	1	5	5	5	5	5	2	5	2	4	2	2	3	2	2	3	2	2	1	1	2	1	1	1	1	2	2	2	4	3	4	4	1	1	1	1	4	4	4	3	3	0	200	0	3	2	1	4	5	5	5	5
253	30	2	5	6	6	6	7	5	4	5	4	3	6	6	6	4	6	4	6	5	4	5	5	6	4	4	2	4	4	2	2	2	2	2	2	3	3	4	3	3	3	3	3	3	5	4	4	3	4	2	2	2	3	3	3	2	1	1	4	4	4	3	2	2	3	3	1	3	2	2	2	2	3	3	2	2	2	3	2	2	2	1	4	4	4	4	4	4	4	1	2	1	3	2	3	2	3	4	3	60	3	2	1	1	5	4	5	4	4
260	26	1	6	5	4	6	7	7	7	7	7	7	7	7	7	6	5	6	7	1	2	4	5	7	7	7	1	3	1	3	3	3	3	2	2	1	4	4	6	6	6	2	6	6	2	2	3	3	4	1	4	3	2	4	5	5	4	4	4	3	3	3	4	2	3	3	3	4	4	1	2	1	1	5	5	1	1	3	2	1	1	1	4	4	4	3	3	3	3	1	1	1	1	4	4	4	1	5	2	90	2	3	2	0	4	5	3	2	4
261	21	2	4	4	4	3	5	3	4	4	4	4	4	4	4	4	4	4	4	7	7	7	7	7	7	7	4	4	4	2	2	2	1	1	2	2	1	1	1	1	2	2	1	1	4	4	4	3	2	2	2	2	2	3	2	3	2	2	5	5	5	5	4	2	4	2	3	2	2	2	2	2	3	1	2	2	2	2	1	1	1	1	2	2	4	4	4	4	4	1	1	1	1	4	4	4	1	2	0	30	2	2	1	1	3	4	3	4	2
262	54	2	3	4	4	4	4	4	4	4	4	5	5	5	6	5	4	5	5	5	4	4	5	6	7	7	3	4	4	3	3	3	2	2	3	3	2	3	2	2	2	2	2	2	4	3	4	3	3	2	4	1	2	3	3	2	2	2	3	3	3	3	4	2	4	2	3	3	3	2	2	3	2	1	1	2	2	2	1	1	1	1	4	4	4	5	5	4	5	1	4	1	4	5	5	5	1	2	2	100	3	1	2	1	3	4	5	4	2
264	24	2	4	6	7	4	5	7	7	6	7	7	7	7	7	4	4	5	4	5	4	4	7	7	6	6	3	3	3	4	3	3	2	2	2	3	4	4	4	5	3	2	4	4	2	3	2	3	4	3	4	2	3	5	4	3	2	2	3	3	3	3	3	3	2	3	2	4	5	3	3	3	3	5	5	3	3	3	1	1	1	1	4	4	4	4	4	4	4	1	3	2	3	3	3	3	4	3	1	300	1	1	2	0	4	5	5	4	2
268	39	2	3	5	4	4	5	4	4	4	4	4	4	4	4	5	4	3	4	3	4	4	3	3	5	5	5	4	4	5	5	5	1	1	2	2	1	2	2	2	2	2	2	2	3	5	5	3	2	2	3	3	2	3	2	2	3	4	1	1	1	2	1	2	1	1	1	3	2	3	2	2	2	2	3	1	1	2	1	1	1	1	4	5	3	4	4	4	4	4	2	2	2	4	4	4	1	4	1	10	3	2	3	1	4	4	5	5	5
270	21	2	6	6	5	5	6	6	5	6	5	4	6	5	5	7	5	5	5	5	5	5	7	5	5	4	4	3	4	3	3	2	2	2	2	2	2	2	5	4	5	3	5	5	4	3	4	3	4	2	3	3	2	3	4	2	5	4	4	4	4	3	2	2	2	3	1	3	4	3	3	2	3	4	4	2	3	2	3	4	2	2	2	2	1	2	3	3	4	1	1	1	1	3	3	2	4	4	0	100	2	2	2	0	4	4	4	4	4
271	21	2	5	6	7	6	6	5	5	6	6	7	6	6	6	6	5	5	6	6	5	6	6	5	5	5	3	4	4	2	2	1	2	2	2	2	2	3	4	3	2	2	3	5	3	4	3	3	4	2	2	3	2	3	2	2	3	2	3	4	4	4	1	1	2	1	2	3	2	2	3	2	2	4	4	1	2	3	2	2	2	1	3	3	3	2	3	2	2	1	2	1	1	4	4	4	5	2	0	10	3	2	2	1	4	5	5	5	5
274	43	2	4	6	3	4	4	5	5	5	5	6	6	4	5	5	5	5	5	5	5	5	7	5	5	5	2	3	3	2	4	4	3	2	2	2	2	3	3	3	3	3	4	3	4	4	4	3	4	3	4	4	3	4	4	4	3	3	4	3	3	2	2	2	2	2	2	3	3	2	2	2	2	4	4	3	2	2	2	2	2	2	4	4	4	4	3	3	3	2	2	2	2	4	3	4	1	7	3	120	3	2	2	0	3	3	5	4	5
277	20	2	6	6	6	6	6	6	6	6	6	4	4	6	6	5	5	5	6	7	7	7	7	6	4	4	2	4	5	4	3	4	1	2	1	2	4	3	2	4	2	2	2	5	3	4	5	3	4	3	3	2	2	3	4	3	2	2	3	4	3	3	3	3	3	3	3	2	2	2	2	3	2	3	2	2	1	4	2	1	2	1	4	4	3	4	4	5	5	1	4	1	2	5	5	4	4	10	1	60	2	1	1	1	5	4	5	4	4
285	23	1	7	7	6	7	7	7	6	7	7	5	6	7	6	4	6	6	6	7	7	7	7	7	7	7	3	2	4	4	4	4	2	2	2	2	4	4	3	4	2	2	4	4	3	3	3	3	3	2	3	3	3	4	4	3	1	1	3	3	3	3	2	2	3	3	1	4	4	2	3	3	2	4	4	2	2	3	2	2	4	3	3	3	2	3	4	3	4	1	1	1	1	4	4	3	4	3	0	100	2	2	2	0	5	5	5	5	5
286	24	1	6	5	3	6	5	5	5	6	5	5	5	5	5	5	4	5	5	4	5	4	5	4	5	4	3	3	3	5	3	5	2	3	2	2	2	4	4	4	2	2	5	5	2	2	3	3	4	3	4	2	2	4	2	4	5	4	5	5	3	3	2	2	2	3	2	3	3	4	3	2	3	5	5	3	2	3	3	4	3	3	4	4	4	4	4	4	4	1	3	1	3	1	1	1	1	3	1	250	1	2	2	1	5	5	5	4	4
288	32	2	6	6	6	6	7	7	7	7	6	6	6	6	6	7	7	7	7	6	6	6	6	6	5	5	4	4	4	5	5	5	1	1	1	1	1	1	3	2	2	2	2	3	4	4	4	3	2	2	2	2	3	3	3	2	3	2	2	3	3	2	2	2	2	2	2	2	3	2	2	3	2	2	2	2	2	2	3	3	2	2	4	4	2	2	2	4	4	2	2	4	2	2	2	2	3	2	0	65	1	1	2	1	4	3	4	3	3
289	22	2	6	6	6	7	6	7	7	7	7	7	7	7	7	7	7	7	7	3	2	4	2	6	2	2	1	3	2	1	1	1	4	3	1	1	2	3	1	6	3	3	2	2	5	5	5	3	3	2	3	1	1	4	4	4	5	5	5	5	5	5	1	5	4	4	1	3	1	4	2	3	3	4	4	1	1	5	2	2	5	5	5	5	5	3	3	4	4	1	4	1	4	2	3	2	1	3	1	250	1	2	2	1	4	4	4	4	5
290	20	2	4	3	3	3	3	3	3	3	3	4	3	3	3	3	3	3	3	4	3	5	5	7	7	7	4	4	4	2	3	2	2	2	2	2	2	4	4	4	1	1	3	3	5	5	5	3	3	4	4	4	4	3	2	4	5	5	3	3	4	4	3	1	4	3	3	3	3	2	2	3	2	3	3	2	2	3	2	4	3	1	4	4	4	3	3	4	4	2	4	1	4	4	4	4	4	6	1	200	2	1	2	1	5	4	5	4	4
291	40	2	7	7	3	3	7	7	7	7	6	6	6	6	7	7	7	7	7	6	4	5	6	6	4	4	1	2	2	2	1	1	5	5	1	1	1	2	4	5	2	2	5	5	4	4	4	3	5	3	3	3	4	3	2	4	5	5	4	3	3	4	2	3	2	3	2	3	3	5	4	4	3	5	5	2	3	5	2	3	2	2	4	4	4	4	4	4	4	1	1	1	2	3	3	3	2	1	0	10	1	1	2	1	4	5	5	4	4
293	34	2	3	6	4	5	5	6	6	6	6	6	6	6	6	6	6	6	6	3	3	3	6	5	6	6	4	3	4	4	4	4	2	2	2	2	2	3	2	2	3	3	2	2	4	5	4	3	3	2	3	3	2	3	2	3	2	2	4	3	4	3	2	2	3	3	3	3	2	3	3	3	3	2	2	2	1	2	1	1	3	2	4	5	4	3	2	2	2	1	2	1	2	3	4	3	4	2	2	50	2	1	2	0	4	2	5	5	5
298	28	1	6	6	7	5	6	5	6	6	6	6	7	7	7	6	6	6	6	6	7	7	7	7	7	7	2	2	2	4	2	3	3	4	2	2	5	5	4	2	2	2	2	5	3	3	3	3	3	3	3	2	3	2	3	4	5	5	4	4	4	2	5	3	5	5	5	5	5	4	3	3	3	3	3	3	2	3	3	3	3	1	4	3	4	4	3	4	4	2	2	2	2	2	3	2	1	3	0	250	1	2	2	1	4	4	4	4	4
299	24	1	6	6	4	6	6	4	4	4	4	6	6	6	5	5	6	5	5	5	6	6	5	4	6	5	3	2	3	3	3	3	3	4	2	2	4	4	5	5	3	3	5	5	4	4	4	3	5	3	3	3	3	5	4	4	2	2	5	5	4	4	3	2	3	3	3	3	4	4	4	4	4	3	3	4	3	3	4	3	4	4	4	4	4	4	4	4	4	2	2	2	2	2	2	2	4	1	1	100	3	2	2	1	4	4	5	4	2
302	26	2	5	6	5	5	3	3	4	3	4	3	3	4	4	3	4	4	4	2	2	3	3	4	5	4	4	2	3	2	3	1	3	3	4	4	4	3	4	5	5	5	5	4	2	2	2	3	4	2	3	2	4	5	5	5	4	4	5	4	4	4	5	4	5	4	4	4	5	5	4	4	3	3	4	2	2	4	3	3	3	3	2	2	2	2	2	3	3	1	2	1	2	1	2	1	1	4	0	100	1	2	2	1	4	3	5	4	4
304	25	1	6	7	7	6	6	6	6	6	7	7	7	5	6	6	6	6	6	5	6	6	7	7	7	7	2	2	1	1	1	1	2	4	1	1	3	3	4	5	1	1	5	6	4	4	4	3	2	2	2	3	3	5	4	3	4	4	4	4	2	4	4	2	3	3	3	3	3	4	3	3	4	4	4	4	3	2	4	5	4	5	3	4	4	2	2	2	2	1	3	1	3	2	2	3	2	1	2	100	3	2	2	1	3	4	4	4	2
9	22	2	6	6	6	6	4	6	6	6	6	6	6	6	6	5	7	6	5	5	5	5	5	5	6	6	2	2	2	4	4	4	1	2	2	2	2	4	5	5	6	3	6	4	4	4	4	4	5	4	4	3	4	4	4	4	3	3	4	4	4	4	4	4	4	4	4	4	4	3	3	4	5	5	5	2	2	2	5	5	5	5	1	1	3	2	2	3	2	3	4	3	3	3	3	3	4	6	0	200	3	2	2	1	5	5	5	2	4
11	20	2	4	7	7	7	6	6	6	6	5	5	6	6	6	6	6	4	5	6	6	6	6	7	5	5	3	3	3	3	3	3	4	3	2	3	2	3	5	5	2	2	3	4	2	3	3	4	5	5	3	1	1	4	5	3	1	1	4	4	3	3	2	1	1	1	2	4	4	3	3	3	3	4	4	3	3	5	5	5	3	1	4	4	4	3	3	4	4	2	1	1	1	4	4	4	3	3	0	15	2	2	1	1	4	4	4	4	2
14	29	1	6	7	3	7	6	5	3	3	6	5	6	6	6	3	6	4	3	5	4	4	3	7	7	6	4	2	1	2	1	3	5	4	3	2	5	5	5	5	2	3	5	5	2	3	3	4	5	3	4	3	4	3	4	4	5	5	5	5	4	4	2	2	1	4	1	4	4	4	4	3	2	5	5	1	2	2	2	2	2	3	3	3	4	4	4	4	4	1	1	1	1	2	2	2	1	3	3	100	3	3	2	0	2	4	4	4	4
17	37	2	5	5	2	6	6	4	5	6	6	6	6	6	6	5	6	6	6	4	5	4	7	7	7	7	4	4	4	2	1	2	2	2	3	3	5	4	4	4	6	4	2	3	3	4	3	4	4	4	3	3	2	5	4	3	5	5	4	3	3	3	2	2	4	3	2	3	3	3	3	3	4	2	2	2	2	2	2	2	2	2	2	2	3	1	1	2	4	3	1	1	1	5	5	5	2	2	1	107	3	1	4	1	5	4	5	4	4
24	37	2	5	4	4	7	7	6	4	6	6	5	7	5	6	6	4	7	5	2	2	3	7	5	7	3	3	2	2	4	4	5	4	3	1	1	1	1	6	4	3	2	4	6	5	4	4	4	3	4	3	4	5	5	3	4	5	3	3	5	4	3	5	1	5	5	1	4	5	3	5	5	5	5	5	3	4	2	2	5	4	4	5	4	3	4	2	3	4	1	4	1	4	1	1	4	1	5	4	 	4	1	2	1	4	2	4	2	4
29	32	2	5	5	5	6	7	6	7	7	6	6	6	6	6	6	6	6	6	6	6	6	6	6	6	6	4	4	3	4	4	4	1	2	1	2	1	1	2	2	2	2	1	3	4	4	4	4	4	3	3	3	2	3	4	4	1	1	2	2	2	2	2	2	2	2	2	2	2	2	3	3	3	5	5	3	2	2	2	2	2	2	2	3	2	4	4	4	4	1	2	2	3	2	2	2	4	1	0	 	3	3	3	1	5	5	4	3	4
33	26	2	7	7	4	7	7	7	7	7	7	7	7	7	7	4	7	7	7	6	4	4	2	7	7	4	2	1	1	2	1	1	6	6	1	1	6	6	6	6	6	6	6	6	1	1	1	4	5	5	5	4	4	5	5	5	1	1	5	5	3	4	1	3	4	4	4	5	5	5	5	5	5	5	5	4	3	3	5	5	5	5	1	1	1	3	2	2	4	1	1	1	1	1	1	1	3	3	3	110	3	2	2	0	5	4	5	4	5
34	31	2	6	7	4	5	6	7	7	7	5	6	6	6	6	5	5	6	6	6	7	7	7	7	7	7	4	2	4	4	4	4	3	2	2	2	3	4	3	4	2	2	5	3	2	2	4	4	4	4	5	3	4	4	5	5	1	1	5	5	5	4	5	2	5	5	5	2	4	5	5	5	2	3	3	2	2	2	5	5	5	5	2	2	2	1	2	2	4	1	1	1	1	1	3	2	4	2	2	250	2	3	2	0	5	4	5	4	5
37	47	2	7	6	7	7	7	4	4	4	7	1	4	7	7	7	7	7	7	7	7	4	7	7	7	7	3	4	2	4	2	2	6	2	3	3	5	5	6	6	2	2	6	6	5	1	3	4	5	5	5	3	5	5	5	4	3	1	5	1	5	3	5	3	5	5	5	5	1	1	5	1	1	5	5	1	4	3	5	5	5	3	5	5	5	2	3	3	3	1	1	1	1	1	2	2	2	2	2	150	2	2	2	0	4	4	4	5	4
42	37	2	6	7	6	7	7	7	7	6	7	7	7	7	7	6	7	7	7	7	7	7	7	7	7	7	2	3	1	1	1	2	3	2	2	2	5	5	6	6	2	2	5	6	2	2	4	4	5	4	5	4	4	5	5	5	4	4	5	5	5	5	5	5	5	4	5	5	5	4	5	5	2	5	5	1	1	1	1	1	1	1	4	4	4	4	4	4	4	1	1	1	1	2	2	1	1	4	3	200	3	2	2	0	5	5	5	5	5
44	25	1	4	6	4	3	6	5	4	3	4	2	3	3	3	4	4	4	5	4	3	4	5	5	6	4	2	2	2	3	2	3	5	4	3	2	4	4	6	6	4	5	6	6	3	1	2	4	4	3	5	3	5	4	4	4	5	5	5	4	4	3	5	3	3	3	4	5	4	5	4	4	3	4	5	2	2	4	4	5	2	3	4	4	4	2	2	3	2	4	3	1	4	2	2	1	5	2	3	35	3	2	2	1	2	4	2	2	4
68	50	2	7	7	7	7	7	7	7	7	7	7	7	7	7	7	7	7	7	7	6	6	5	7	4	4	3	4	3	4	4	5	1	5	1	1	4	1	4	1	2	1	5	6	5	4	5	4	5	5	5	3	3	5	3	2	5	5	2	2	3	1	1	4	3	1	2	3	5	2	5	4	4	5	5	1	1	1	4	1	1	1	1	4	2	4	2	2	4	1	1	1	1	2	2	2	 	4	1	90	1	1	2	0	4	5	5	2	4
73	61	2	4	4	3	5	6	6	6	6	6	5	5	5	6	6	6	6	7	5	4	5	4	4	5	5	4	4	4	4	4	4	2	2	2	2	2	2	2	2	2	2	2	2	3	3	3	4	5	3	3	3	3	2	2	3	2	2	3	3	3	2	1	3	2	2	2	3	4	4	4	4	3	5	5	2	2	3	3	4	2	2	4	4	3	2	2	2	2	1	1	1	1	2	2	2	2	1	2	100	2	3	2	0	5	5	4	2	3
74	20	2	4	6	3	7	7	1	5	6	6	6	7	6	7	6	6	6	6	7	6	6	6	6	7	7	4	2	4	3	3	3	1	1	1	1	2	2	5	1	2	2	5	4	4	4	4	4	3	4	3	3	3	5	3	3	2	2	3	3	3	3	2	3	4	1	1	4	5	4	4	4	4	2	2	2	2	3	1	3	4	1	1	1	1	4	4	4	4	1	1	1	1	3	2	2	4	3	0	30	1	2	2	1	4	4	4	4	4
87	28	1	7	7	4	6	6	7	6	7	7	7	7	7	7	4	7	7	7	5	6	6	7	4	7	5	2	3	2	2	4	3	1	1	1	1	5	5	4	6	3	3	4	3	2	3	2	4	4	3	5	3	3	5	5	4	3	3	4	4	4	4	5	2	5	4	5	3	4	3	3	3	4	5	5	4	3	5	4	5	3	3	4	3	2	2	2	3	3	1	4	1	4	2	3	2	1	5	2	200	2	3	2	1	4	4	5	4	4
89	24	2	6	6	6	7	5	6	6	6	6	6	6	5	6	6	6	6	6	6	7	7	5	7	6	6	4	4	2	4	4	4	2	2	3	2	2	3	3	2	2	2	4	5	3	3	3	4	4	3	3	2	2	3	1	1	4	3	3	2	2	2	1	2	1	1	1	3	4	4	4	4	3	4	4	3	1	2	2	2	3	2	3	3	3	3	2	2	3	1	1	1	1	2	2	2	3	4	3	80	3	2	2	0	4	5	5	5	5
96	31	2	6	6	6	6	6	6	6	6	6	6	6	6	6	6	6	6	6	7	6	6	7	7	7	7	3	3	3	4	4	4	1	1	2	2	1	3	3	2	3	3	1	2	4	4	4	4	3	4	5	3	4	5	5	4	5	5	4	4	5	4	4	3	4	4	4	4	4	4	3	4	3	4	4	3	1	2	3	3	3	2	3	3	3	2	2	2	2	1	1	3	1	3	3	3	1	3	2	80	2	2	2	0	2	1	1	2	4
98	30	2	7	7	3	7	7	7	7	7	5	6	6	7	7	7	7	7	7	2	2	5	7	6	6	6	4	2	4	3	3	3	5	4	1	1	3	3	4	6	2	2	4	4	5	5	5	4	5	3	5	3	1	3	5	5	2	1	5	5	5	4	2	3	4	3	2	4	5	4	4	4	4	3	3	1	1	3	3	3	3	3	4	4	5	3	3	3	3	1	4	1	4	2	3	2	3	3	2	110	2	2	1	0	5	5	5	5	5
111	48	2	6	6	3	5	7	6	6	7	6	5	5	6	7	6	6	7	7	6	3	6	7	3	2	2	4	4	5	5	3	5	1	1	6	6	1	1	3	1	1	1	3	5	4	3	3	4	3	2	4	2	2	5	2	3	3	1	3	2	3	1	1	1	2	1	1	3	3	3	3	3	1	4	4	1	1	1	1	1	1	1	3	1	4	4	2	2	2	1	1	1	1	2	3	2	2	1	0	60	0	2	2	0	5	5	5	3	5
116	52	1	5	6	4	7	7	7	7	7	6	6	7	7	7	7	7	7	7	6	6	6	6	7	7	6	4	3	2	3	3	3	5	4	2	2	3	3	2	2	2	2	3	2	4	4	5	4	5	3	4	3	5	4	5	5	5	5	3	3	3	3	4	5	4	4	3	3	3	3	3	3	4	4	4	3	3	3	2	2	2	2	3	5	3	4	4	4	4	1	2	1	2	4	4	2	1	7	2	65	3	2	1	1	4	5	5	4	2
120	39	2	6	4	6	2	6	7	6	6	6	6	7	7	7	7	7	7	6	2	7	7	7	5	3	3	5	4	4	5	4	2	1	1	1	1	1	1	6	6	2	2	5	6	5	5	5	4	5	4	4	4	4	5	4	4	5	5	4	4	4	4	4	5	5	4	3	4	4	2	2	2	2	5	5	2	1	2	1	1	1	1	4	4	4	2	4	2	4	1	1	4	1	2	4	4	1	5	0	180	3	2	2	1	5	5	4	4	4
123	23	1	6	6	6	5	6	5	6	6	6	6	6	6	6	6	6	6	6	7	7	7	6	7	7	6	3	2	3	3	3	3	3	2	2	2	3	3	3	3	2	2	3	4	3	4	3	4	3	3	4	3	2	3	3	3	3	3	4	4	4	3	4	3	3	3	3	3	4	2	3	3	2	3	3	2	2	2	4	3	3	3	3	4	3	3	4	4	4	2	2	2	3	3	3	3	1	2	0	90	2	2	2	0	4	5	4	2	3
129	41	2	6	6	5	5	6	6	5	5	6	6	6	6	6	5	6	6	6	4	5	5	6	6	6	6	4	4	4	4	4	4	4	2	2	2	2	2	2	2	2	2	2	2	3	2	4	4	2	2	3	2	2	2	3	3	4	4	3	3	3	2	2	1	1	2	2	2	2	2	3	3	3	2	2	2	3	3	3	2	2	2	4	3	3	2	2	2	3	4	4	3	2	4	3	4	1	5	3	100	3	1	2	0	4	4	4	4	5
130	28	2	6	6	6	3	6	4	4	5	6	6	6	6	6	6	6	6	6	3	5	5	5	7	7	7	4	3	1	3	2	2	5	5	1	1	5	5	6	6	6	1	5	6	3	3	3	4	4	4	4	4	4	4	4	4	5	5	3	3	3	4	4	4	4	4	4	4	4	4	4	3	3	4	4	3	3	3	4	4	3	3	4	4	4	2	2	2	2	1	1	1	1	1	1	1	1	2	2	150	2	2	2	0	4	4	4	3	4
132	28	2	7	7	7	6	7	6	6	6	6	6	6	6	6	6	6	6	6	6	6	6	6	6	6	6	5	4	2	2	2	2	5	5	2	2	4	5	2	2	2	2	1	1	4	5	5	4	3	1	1	1	1	4	3	3	1	1	5	5	4	4	5	4	4	4	2	3	3	2	2	2	2	5	5	2	2	2	1	1	1	1	4	4	4	5	3	3	4	1	1	1	1	2	3	3	1	3	1	100	2	3	2	1	4	4	5	4	4
139	23	2	6	6	3	3	6	5	5	6	5	6	6	6	6	5	6	6	6	5	5	5	7	6	4	4	3	2	3	3	3	3	4	2	2	2	1	1	3	5	5	5	1	3	3	3	4	4	5	4	4	3	5	5	5	4	4	4	4	4	4	3	4	3	4	4	4	4	5	4	4	4	4	5	5	3	2	3	2	1	1	1	2	4	4	4	4	4	4	1	2	2	2	3	2	2	1	2	2	60	2	2	1	0	5	1	5	4	4
143	25	2	6	7	7	6	6	6	7	7	7	6	7	7	6	7	6	6	6	7	7	6	7	7	7	7	4	3	3	2	2	2	4	5	1	1	5	5	3	5	2	2	5	4	3	2	3	4	2	2	4	2	2	4	4	5	4	4	5	5	5	5	5	5	5	5	5	5	5	2	4	2	2	5	5	1	2	5	1	1	1	1	5	4	4	5	4	4	5	1	1	1	1	2	2	2	1	4	2	140	2	1	2	0	5	5	5	5	4
163	31	2	7	7	7	7	7	7	7	7	7	2	7	4	7	7	7	7	7	7	7	7	7	7	7	7	2	5	2	5	5	5	1	1	1	1	1	1	3	1	1	1	1	1	5	5	5	4	4	2	3	3	2	5	2	4	1	1	2	2	2	2	2	2	2	1	1	3	2	3	3	3	2	5	5	2	2	2	2	2	2	2	5	4	2	1	1	1	1	5	5	5	5	5	5	5	1	2	2	50	3	2	2	1	5	4	5	4	4
168	32	2	4	7	1	5	4	7	5	5	7	7	7	7	7	5	5	6	5	4	5	5	5	7	7	5	4	1	2	4	4	4	1	3	2	2	3	4	6	5	2	2	6	6	4	3	4	4	4	4	4	5	5	5	5	5	5	5	3	3	3	3	1	2	1	5	1	5	5	3	5	5	3	5	5	1	3	4	5	5	5	5	3	3	3	2	2	2	2	2	2	2	2	2	2	2	1	3	3	250	4	2	2	1	4	4	5	4	3
170	51	2	7	7	7	7	6	6	7	5	6	6	6	6	6	6	7	6	6	7	6	6	7	7	6	6	4	4	4	3	5	2	1	1	1	1	2	2	3	3	3	3	2	4	4	4	4	4	3	3	4	2	2	3	2	2	4	4	3	2	2	2	1	1	1	3	1	3	3	3	3	3	4	4	4	3	2	4	3	3	3	3	1	4	5	1	1	1	1	1	2	1	2	2	3	3	1	2	2	 	7	1	2	0	3	4	4	3	4
171	33	1	7	7	7	5	5	5	7	5	6	6	5	5	6	6	7	7	7	7	7	7	7	6	6	6	2	3	2	2	2	2	3	3	2	1	1	2	4	5	3	3	4	3	4	4	4	4	4	3	4	4	3	5	4	4	1	1	4	4	4	4	1	1	3	2	2	3	4	3	3	4	2	4	4	4	1	3	4	3	4	3	4	4	3	1	2	2	2	5	4	4	4	3	4	3	4	1	0	75	3	2	2	0	4	3	4	3	3
188	25	2	6	7	7	6	7	3	4	6	7	7	7	6	6	6	4	5	5	6	6	4	5	7	7	6	4	4	4	2	2	2	2	2	2	2	3	5	2	4	2	2	5	5	4	4	3	4	4	4	5	3	3	5	4	4	5	5	4	4	2	3	4	3	3	5	3	3	3	3	3	3	2	4	4	1	2	4	5	5	4	2	5	4	3	2	2	3	4	1	1	1	1	4	3	2	1	5	3	100	3	1	2	0	4	5	4	4	4
189	26	2	4	6	5	2	3	5	2	5	5	6	7	7	5	7	7	7	7	2	7	7	7	7	7	5	1	2	1	1	1	1	4	2	4	2	6	5	4	3	4	4	5	5	1	1	1	4	4	4	4	4	4	5	5	5	5	5	5	5	5	5	5	5	5	5	5	5	5	4	5	5	5	5	3	2	3	3	4	5	1	3	5	5	3	4	2	2	4	1	1	1	1	4	4	2	1	3	3	15	3	2	2	1	4	4	4	3	3
193	26	2	4	3	4	3	4	4	4	4	4	4	4	4	4	5	5	5	4	3	3	3	3	4	4	4	2	3	2	3	3	3	3	3	3	3	4	3	3	4	4	4	3	4	3	3	3	4	4	3	3	2	1	5	1	2	1	1	3	4	2	2	2	3	2	2	3	3	2	2	2	2	2	4	5	2	2	1	3	4	2	3	4	3	3	1	1	2	2	1	1	1	2	3	3	3	4	7	2	120	2	1	2	0	4	4	4	4	4
195	23	2	5	7	1	7	6	7	7	7	4	4	6	6	6	6	6	6	6	5	5	5	6	5	6	5	3	4	4	4	3	3	4	2	4	3	3	4	2	3	3	3	2	2	4	4	4	4	5	3	5	1	3	5	3	2	3	3	4	4	4	3	3	4	2	2	1	2	2	2	2	2	2	2	3	1	1	1	1	1	1	1	3	3	3	3	3	3	3	1	1	1	1	4	3	3	4	10	3	150	3	2	2	0	4	4	4	2	4
197	29	2	6	6	4	6	6	6	5	6	5	5	6	6	6	5	6	6	6	4	5	5	5	6	6	6	4	3	2	3	4	4	4	4	2	1	3	3	5	6	2	2	5	5	3	3	3	4	5	4	4	3	4	5	4	4	5	5	2	3	2	2	3	3	3	3	3	4	4	4	4	4	3	5	5	3	3	4	4	4	4	5	3	3	3	4	4	4	4	1	2	1	2	3	2	2	1	4	2	5	3	2	1	1	4	4	4	4	2
198	35	2	7	6	7	6	7	7	7	6	7	7	7	6	7	5	7	7	7	5	6	6	7	7	6	5	4	2	3	3	2	2	1	2	1	2	1	2	5	5	1	2	6	6	4	5	5	4	5	3	3	3	4	4	4	4	5	5	5	5	4	4	3	3	4	3	3	4	5	4	5	2	3	5	2	3	2	3	2	3	3	2	4	5	5	2	2	2	2	1	1	1	1	2	2	2	1	4	2	33	3	1	2	0	4	3	5	4	4
199	38	1	5	5	6	6	6	5	5	6	5	6	6	6	6	6	5	5	5	5	6	6	6	5	6	6	4	4	3	3	3	4	3	2	2	2	2	3	4	2	2	3	4	4	4	4	4	4	4	3	4	1	2	1	4	3	3	2	4	3	3	4	2	1	2	1	1	4	4	1	1	3	2	3	2	2	2	3	2	1	1	1	3	3	2	2	1	4	3	1	4	1	4	2	4	2	1	6	1	150	5	3	3	1	5	5	5	5	4
201	19	1	5	6	4	3	5	6	6	6	5	5	5	6	5	6	6	6	6	6	5	5	6	7	6	5	2	4	4	2	2	2	3	4	2	2	2	3	3	3	3	3	3	5	3	3	3	4	3	2	4	2	3	3	3	3	4	4	3	3	3	4	3	3	3	3	2	2	3	2	2	2	2	3	2	2	2	4	2	2	1	1	2	3	2	2	2	4	4	1	2	1	2	4	4	4	3	3	0	100	2	2	1	1	3	4	4	4	2
203	28	2	6	6	5	6	7	6	7	5	7	7	7	7	7	6	7	6	7	5	7	6	7	6	5	5	4	3	3	2	2	3	2	1	1	1	2	2	6	6	1	1	4	5	3	4	3	4	5	3	4	4	5	5	4	4	5	5	5	5	5	5	3	4	4	3	2	4	5	4	5	3	3	5	5	5	3	4	3	3	3	2	4	4	5	2	2	1	2	1	1	1	1	3	3	1	1	4	3	175	3	1	2	0	5	5	5	4	2
205	35	1	5	6	3	6	5	5	4	5	6	6	6	6	6	5	5	4	5	7	7	6	6	6	5	5	4	3	1	3	4	4	4	3	3	3	3	3	4	2	2	2	5	6	4	4	4	4	4	4	3	4	3	4	3	5	5	5	2	2	3	2	2	3	1	2	1	3	4	4	3	3	4	5	5	3	1	3	3	3	4	3	3	3	3	3	2	3	3	1	1	1	1	3	4	4	1	5	1	50	1	2	2	0	5	5	5	5	5
206	24	1	5	6	3	1	5	7	1	3	4	4	5	4	6	5	6	5	5	5	5	5	4	5	5	4	3	2	4	4	4	4	3	3	2	1	6	6	6	5	2	2	5	6	2	4	3	4	3	3	4	4	2	4	4	4	2	2	3	3	4	4	4	5	4	3	4	4	3	3	3	3	1	5	5	2	3	2	3	3	1	2	4	3	3	3	1	4	4	1	2	1	1	4	4	4	3	6	2	35	2	2	2	0	4	4	5	4	5
210	24	1	6	6	7	7	6	5	5	5	6	5	7	6	7	6	5	5	6	5	5	5	5	6	6	6	2	3	2	2	2	2	3	4	1	2	6	6	6	6	2	2	5	6	4	4	4	4	4	4	4	4	4	5	4	4	5	3	3	3	3	3	2	3	3	2	3	4	4	4	4	4	3	5	5	3	3	4	3	3	4	4	5	4	4	3	3	3	4	1	1	1	1	2	3	1	4	2	3	100	3	2	2	1	5	2	4	2	4
225	25	2	6	6	5	7	6	5	5	5	4	5	5	6	6	4	4	5	4	6	6	6	6	5	6	5	2	3	4	3	2	2	4	4	2	2	4	4	1	1	3	3	3	4	4	3	4	4	4	2	2	4	4	2	3	5	3	3	5	5	5	5	5	3	5	3	3	3	2	2	3	2	4	5	5	1	1	2	2	2	2	2	3	3	2	4	4	4	4	1	3	2	3	4	3	3	1	2	2	100	2	3	1	1	5	4	5	2	5
229	21	1	5	5	4	4	5	7	7	6	7	6	7	5	6	7	6	6	6	6	6	6	7	5	5	5	3	3	3	3	4	4	2	2	2	2	2	3	5	4	2	2	3	4	4	4	3	4	4	3	4	2	3	3	3	2	4	4	3	3	3	3	2	3	3	4	2	3	3	2	4	4	3	4	4	2	2	3	3	3	2	2	4	4	3	2	3	3	3	1	2	1	2	3	3	2	1	2	1	60	2	2	2	0	5	2	4	2	4
230	54	1	6	6	5	6	6	6	6	6	6	6	6	6	6	6	6	6	6	7	6	6	6	6	5	5	4	4	4	3	3	3	2	2	2	2	2	2	2	2	2	2	2	2	3	4	4	4	4	4	3	3	3	4	3	3	4	4	3	3	2	3	3	2	2	2	1	3	3	4	3	3	3	3	3	2	2	2	2	3	2	1	4	4	3	3	3	3	4	1	1	1	1	4	4	4	1	4	1	90	1	2	2	0	4	4	4	5	4
231	23	2	6	7	5	7	6	6	6	6	6	6	6	7	6	4	5	4	4	4	3	4	5	6	7	7	2	2	2	3	2	2	3	2	2	2	3	3	4	4	3	3	5	4	3	2	3	4	3	3	3	3	2	5	5	5	4	4	5	5	5	5	4	4	5	4	4	4	3	4	4	4	4	5	5	2	2	4	4	3	5	5	4	4	4	2	2	2	2	1	1	1	1	2	2	2	3	7	2	70	3	2	1	1	5	5	1	3	5
232	30	2	5	7	5	5	6	7	7	6	7	7	7	7	7	7	7	7	7	4	4	3	6	7	7	7	1	2	2	2	1	1	2	2	2	2	2	2	5	5	3	3	5	6	4	3	4	4	3	5	5	1	3	4	5	5	5	5	5	5	5	5	5	5	4	4	4	4	5	4	5	4	4	5	5	2	1	3	1	1	1	1	4	4	3	5	5	5	5	1	1	1	1	2	2	2	4	6	2	100	2	2	2	0	5	4	4	4	5
233	21	1	6	6	4	6	5	7	7	7	5	4	6	6	5	6	6	6	6	2	3	3	5	5	6	5	2	3	3	5	4	5	3	2	2	2	3	2	4	4	4	4	3	4	2	4	4	4	2	2	5	2	3	3	4	3	2	2	3	2	2	3	2	2	3	2	2	3	3	3	3	3	2	4	4	2	3	3	3	2	2	2	2	2	4	2	2	2	3	1	3	1	3	2	2	2	4	3	3	100	3	2	2	0	3	1	3	1	1
234	50	2	7	7	5	7	7	7	7	7	6	6	7	7	7	7	7	6	6	7	7	7	7	7	7	7	4	4	2	4	3	3	1	2	2	2	2	2	2	2	2	2	2	2	4	4	4	4	4	4	4	3	3	4	4	3	4	4	3	3	3	3	2	1	2	2	2	3	3	3	3	3	2	3	4	3	3	3	2	3	2	1	4	4	2	3	3	4	3	1	3	2	2	4	4	4	2	6	3	65	3	1	2	0	4	5	4	4	4
246	30	2	4	4	3	6	6	6	6	7	6	6	6	6	6	6	4	6	6	7	6	6	6	7	6	5	4	4	4	4	3	3	2	2	2	2	4	4	4	4	2	2	4	2	4	4	4	4	4	3	4	3	2	3	3	2	4	3	3	3	2	2	2	2	2	2	1	3	3	2	2	3	2	4	4	2	2	2	2	3	2	2	2	4	4	3	4	4	4	2	2	2	3	3	4	3	1	3	3	60	6	3	2	0	5	4	4	5	5
248	26	1	7	7	5	5	6	7	7	6	6	6	6	6	6	6	5	5	6	5	5	5	5	6	6	6	4	2	4	5	3	4	2	2	1	2	2	3	3	4	3	2	3	2	5	5	5	4	4	3	5	3	3	5	2	3	1	1	3	3	3	3	2	4	3	4	2	4	3	4	4	3	2	4	4	2	2	3	3	3	2	1	3	2	1	4	4	2	4	1	1	1	1	3	2	3	1	3	1	100	 	2	2	0	5	2	4	5	5
249	37	2	7	7	6	7	7	7	7	7	7	7	7	7	7	7	7	7	7	7	7	7	7	7	7	7	4	4	2	4	4	4	1	1	1	1	4	4	5	1	1	1	4	6	5	5	5	4	1	3	4	2	2	5	4	3	1	2	4	4	4	5	4	3	3	2	1	4	4	3	4	4	3	5	5	5	3	3	5	5	5	3	2	5	5	4	2	2	2	1	1	1	1	4	1	2	1	2	2	200	2	1	2	0	5	5	5	2	4
256	37	2	6	5	3	5	6	6	5	6	6	6	5	5	6	7	7	7	7	6	4	5	7	7	6	4	4	4	4	3	2	3	1	2	1	1	1	2	2	2	2	3	3	4	5	4	4	4	5	3	4	2	3	4	2	3	3	3	4	4	3	2	2	3	3	2	2	3	4	3	4	2	2	4	4	1	1	2	2	3	1	2	5	5	5	4	4	4	4	1	1	1	1	4	4	3	1	5	3	75	3	1	2	0	5	4	5	2	4
257	28	1	7	7	6	7	7	6	6	7	6	5	6	5	6	7	7	7	7	7	7	7	6	7	4	5	3	2	2	3	2	2	2	2	1	1	2	2	4	5	2	1	6	6	4	4	4	4	4	3	2	2	5	5	2	2	3	2	5	5	5	5	2	1	5	2	2	5	5	5	5	5	5	5	5	3	2	4	3	4	5	5	1	1	3	2	2	3	4	1	1	1	1	4	2	2	1	4	1	300	2	2	3	1	4	4	4	2	4
259	30	2	4	6	6	5	5	6	6	6	5	3	6	6	6	6	6	5	6	6	5	5	7	6	6	5	3	3	4	4	4	3	2	2	2	2	2	2	4	4	4	4	2	6	4	4	4	4	2	3	3	4	4	4	5	4	4	4	3	2	2	3	3	2	3	2	3	3	2	3	3	3	2	4	4	2	1	4	2	1	1	1	2	3	4	3	4	3	4	1	2	2	2	2	2	2	1	5	1	50	1	2	2	0	5	5	3	5	5
263	30	2	3	3	4	3	3	5	5	3	4	4	5	5	4	4	3	4	4	3	3	3	2	3	2	2	3	2	2	3	1	1	3	2	2	3	2	3	3	5	3	3	5	5	4	3	3	4	5	5	5	2	4	5	5	5	5	5	5	5	5	4	4	5	4	3	4	4	4	2	4	4	2	4	5	4	5	5	4	5	4	3	2	2	2	2	2	3	3	1	1	1	1	3	3	3	3	2	3	150	3	1	2	0	4	5	5	3	4
266	30	2	5	6	3	5	4	5	6	4	6	7	4	3	4	4	6	6	4	3	3	3	3	4	3	3	4	3	4	4	2	3	1	1	1	1	2	1	6	6	6	6	6	6	3	3	3	4	5	5	5	2	3	5	5	4	3	3	3	3	4	4	2	2	4	5	4	4	5	3	4	2	4	5	5	3	3	4	1	3	1	1	2	2	2	3	3	3	3	2	2	1	2	2	2	2	1	4	1	15	3	2	2	1	4	4	4	4	2
267	25	2	4	6	6	4	6	4	4	4	3	3	7	7	7	3	3	3	4	5	5	5	5	5	3	3	3	3	3	3	2	3	2	2	2	3	2	2	2	2	5	5	4	4	1	1	4	4	4	3	3	3	3	4	2	3	4	5	4	4	5	1	3	5	3	1	2	5	4	3	4	4	5	5	5	5	3	1	4	3	3	3	5	5	5	3	3	3	5	1	1	1	1	1	1	1	1	3	2	100	2	1	2	0	5	5	5	4	4
272	49	2	6	6	5	6	6	6	6	6	6	6	6	6	6	6	6	6	6	6	6	6	6	4	6	6	4	3	4	4	4	4	1	1	1	1	1	1	4	4	1	1	4	4	4	4	4	4	4	2	3	3	3	5	5	5	5	3	3	2	2	2	2	2	2	2	2	3	3	3	4	2	2	4	4	2	2	2	2	3	2	2	4	4	3	2	2	2	3	2	2	2	2	2	3	2	1	2	3	60	15	1	2	0	4	4	4	3	4
275	26	1	6	6	7	7	6	7	7	7	7	6	7	7	7	7	7	6	7	7	7	7	7	7	6	6	3	3	3	3	3	3	2	2	2	2	2	4	5	3	2	3	4	3	3	3	4	4	5	3	4	1	3	5	4	2	5	5	5	5	2	3	4	2	2	2	2	3	3	2	4	4	2	5	5	2	2	2	2	2	2	2	5	4	4	4	4	4	4	1	1	1	1	2	2	4	1	2	2	50	2	2	2	0	4	4	5	4	2
276	26	2	5	5	4	3	5	3	4	4	3	6	6	1	2	5	4	4	4	1	6	6	6	6	5	5	5	3	4	4	2	1	3	3	5	4	4	4	6	5	4	4	5	6	3	4	3	4	3	3	3	3	4	5	5	5	3	3	4	4	4	3	1	3	1	2	1	5	5	5	4	4	4	3	3	2	2	2	1	2	1	1	4	4	4	4	4	4	4	1	2	1	2	4	3	3	1	2	0	 	3	3	2	1	4	5	4	3	3
281	22	2	6	6	2	4	4	4	3	3	4	4	4	5	5	5	5	5	3	2	2	3	5	5	5	5	3	3	2	1	1	1	6	4	4	4	5	5	4	6	5	5	5	5	1	1	3	4	4	2	3	3	3	4	4	4	1	2	5	5	4	4	4	4	4	3	4	4	4	4	4	4	4	5	5	3	3	3	1	2	1	1	4	2	3	4	4	3	4	1	2	2	2	3	4	2	1	2	2	100	2	2	2	0	4	4	4	4	4
283	23	1	6	6	7	6	6	7	7	7	7	7	7	7	7	6	7	7	7	7	7	7	7	7	7	7	4	3	4	4	4	4	2	2	2	2	2	4	5	5	2	2	5	5	4	5	5	4	4	3	4	3	4	5	4	5	4	3	4	4	3	2	3	2	3	3	2	4	4	4	4	2	2	4	4	2	2	4	3	4	4	2	4	4	3	3	3	4	4	1	1	1	1	4	3	4	1	2	1	100	2	2	2	0	4	5	5	4	4
294	33	2	7	6	6	6	6	5	5	5	6	6	7	7	6	6	6	5	6	7	6	6	7	7	5	5	5	4	4	4	4	4	2	1	5	4	1	1	2	2	4	5	1	1	5	4	5	4	3	2	2	3	1	1	2	2	2	2	4	4	3	3	2	1	1	1	2	2	2	2	1	2	3	3	3	3	1	2	2	2	1	1	3	4	2	3	3	3	3	1	1	1	2	3	3	3	1	2	0	22	2	3	2	1	4	3	5	4	4
295	23	2	6	6	6	5	6	7	6	4	5	5	5	4	5	6	5	5	5	7	6	6	6	6	7	7	2	3	4	3	3	4	2	3	1	1	4	5	2	2	2	2	1	3	4	4	4	4	3	3	1	4	4	4	5	4	3	2	5	4	4	4	5	5	5	4	5	4	3	4	4	5	3	4	4	2	2	4	4	5	2	3	1	2	1	3	3	4	4	1	1	1	2	2	2	2	1	2	1	200	2	3	2	1	4	4	4	2	2
303	24	1	7	7	5	5	7	5	5	5	7	6	7	7	6	5	5	5	5	6	7	6	6	6	6	4	2	3	1	1	1	1	3	4	3	5	6	6	6	5	2	2	6	6	1	2	2	4	5	4	4	3	3	4	2	3	2	2	5	5	5	5	5	3	5	4	5	5	4	3	4	3	4	5	5	2	2	2	1	3	2	1	2	2	2	4	4	5	5	4	2	2	2	1	1	2	1	2	2	50	3	2	2	1	5	5	5	5	4
22	25	1	5	6	6	7	6	6	5	6	3	5	6	6	6	4	7	7	6	3	6	6	3	3	4	2	4	2	3	3	3	4	1	2	2	2	3	3	6	4	4	3	6	6	4	5	4	5	5	5	4	3	3	5	5	5	5	4	3	4	4	5	5	1	5	4	5	5	5	5	5	5	5	5	5	1	2	4	5	5	3	5	5	3	1	1	2	2	3	3	5	3	3	4	3	3	1	3	1	40	3	2	2	1	5	1	5	2	4
40	47	2	6	6	3	6	4	6	6	5	5	4	4	3	4	5	4	5	4	5	4	4	4	6	6	5	3	2	3	3	2	3	4	2	2	3	3	2	3	5	5	4	5	5	4	4	4	5	5	5	5	4	3	3	4	5	2	2	4	3	2	2	2	2	2	2	2	3	2	2	4	3	2	5	5	2	2	3	2	3	2	2	4	4	4	4	3	3	3	1	1	1	1	3	4	3	1	3	3	140	3	1	2	0	3	1	3	1	1
65	25	1	7	7	6	6	7	6	6	7	7	7	7	6	7	6	6	6	6	7	7	7	6	7	7	7	1	2	2	3	1	3	2	4	1	1	2	3	3	2	1	1	2	3	4	4	4	5	3	3	4	2	2	5	4	5	1	1	5	5	4	4	5	3	4	4	4	5	5	3	4	2	2	5	5	1	3	5	3	5	3	3	2	4	3	3	3	2	4	1	1	1	1	2	2	2	4	6	3	100	3	2	2	0	4	3	1	4	3
71	27	2	7	3	2	7	7	7	7	7	7	6	7	3	6	6	6	6	6	7	6	6	7	6	3	3	4	3	4	4	4	4	1	1	3	1	4	1	1	4	3	3	1	5	5	5	5	5	5	3	4	1	1	5	5	5	1	1	3	2	4	4	3	4	4	3	3	4	5	2	2	3	1	2	2	3	2	4	3	4	3	4	5	5	1	1	1	1	4	1	1	1	1	4	1	4	2	1	2	150	2	2	2	0	5	3	5	4	5
106	30	1	4	4	4	4	6	5	5	6	6	5	5	6	6	5	5	5	4	6	6	6	6	6	5	5	1	3	4	3	2	3	4	4	2	1	3	4	6	6	2	2	4	5	4	4	4	5	4	4	3	3	4	5	4	5	5	5	5	5	5	5	4	2	3	4	3	3	3	5	3	4	4	5	5	4	4	3	2	2	2	2	4	4	4	4	4	4	4	1	3	1	3	3	3	2	1	9	2	250	2	3	2	1	4	5	3	3	4
124	36	1	5	5	5	7	5	7	7	7	4	5	4	5	5	7	7	7	7	3	3	3	6	4	4	4	4	3	3	4	3	4	2	3	2	2	1	3	6	6	3	3	6	6	3	3	3	5	5	5	5	2	5	3	4	5	4	4	4	4	4	4	3	3	3	3	3	3	4	4	4	3	2	3	3	3	3	3	3	3	3	3	3	3	3	4	2	4	3	1	1	1	1	4	3	2	4	1	1	50	1	2	2	0	4	4	4	4	4
137	28	2	5	5	5	4	5	5	5	5	6	6	6	6	4	5	5	5	5	6	7	6	6	6	6	6	1	2	1	2	2	3	2	2	2	2	2	2	5	5	2	6	6	6	2	2	3	5	4	3	5	2	2	5	4	5	5	4	5	5	5	4	5	3	5	4	5	5	5	3	5	2	1	5	5	1	3	5	3	5	3	4	5	3	3	4	2	2	2	1	1	1	1	2	2	2	1	5	3	100	3	1	2	0	4	5	5	3	4
138	29	1	5	6	3	6	7	4	6	7	7	4	6	6	7	6	5	5	6	7	7	7	7	7	7	7	5	3	4	4	4	5	1	2	2	1	1	2	5	3	2	2	4	5	4	5	5	5	1	4	4	2	4	5	4	5	4	4	2	2	2	2	2	4	2	2	1	4	4	3	4	2	4	3	4	2	4	2	5	4	4	5	3	3	3	3	3	2	3	1	1	1	2	3	2	2	1	4	3	125	4	3	3	1	5	1	5	5	3
146	25	2	5	5	2	6	5	6	6	6	6	6	6	6	6	6	6	6	6	4	5	5	5	6	6	6	3	3	3	4	4	4	2	2	2	2	2	2	2	2	2	2	2	2	3	3	4	5	5	3	3	3	3	5	3	3	2	2	3	3	2	2	3	3	3	2	3	3	3	3	3	3	2	4	5	2	2	4	1	1	1	1	4	4	2	3	3	3	3	1	1	1	1	2	2	2	3	3	0	200	2	2	2	0	5	2	5	5	5
166	21	2	4	7	7	6	7	3	3	3	3	7	7	7	7	3	6	6	6	3	3	3	4	7	7	7	1	1	1	1	1	1	6	5	3	2	4	4	6	6	6	6	6	6	3	4	4	5	5	5	5	5	5	5	5	5	5	5	5	5	5	4	5	5	5	5	5	5	5	5	5	5	5	5	5	2	2	4	2	4	2	2	3	5	5	4	4	4	4	1	1	1	1	5	5	1	1	2	2	100	2	2	2	0	4	5	5	4	4
178	24	2	3	6	4	6	6	4	3	3	2	5	5	4	4	4	4	4	4	6	6	6	6	6	6	4	1	1	2	1	1	1	4	5	1	1	2	2	5	5	3	6	5	6	2	3	3	5	3	4	5	4	5	5	4	5	4	2	5	5	5	5	5	5	5	5	5	5	5	5	5	5	5	5	5	3	5	5	3	4	3	3	2	4	5	3	3	3	3	1	1	1	1	5	1	2	1	2	2	120	2	1	2	0	5	2	4	4	3
185	29	2	5	7	6	7	7	6	5	7	7	7	7	7	7	7	7	7	7	5	6	6	6	7	7	6	5	1	4	5	4	4	1	1	1	2	1	3	4	3	1	1	4	4	4	3	4	5	5	5	5	4	5	5	4	5	5	5	4	4	4	3	3	3	1	2	1	3	5	3	3	4	5	4	4	3	2	4	2	1	1	1	3	3	4	4	4	3	2	1	1	1	1	1	2	2	1	6	2	100	3	1	3	1	4	2	5	5	5
191	43	2	7	7	7	6	7	7	7	6	7	7	7	6	7	7	6	6	6	4	2	2	4	5	4	4	1	2	1	2	2	1	2	1	3	3	3	4	5	5	4	3	5	6	3	3	2	5	5	5	5	5	5	5	5	5	5	5	5	5	5	5	3	4	3	4	2	5	5	5	5	5	5	5	5	3	3	4	4	5	5	5	4	4	1	1	1	1	1	1	1	1	1	1	1	1	1	2	3	85	3	2	2	0	4	5	4	2	4
243	24	1	7	6	6	7	6	5	1	1	7	7	3	1	7	1	7	7	7	6	3	3	2	7	6	6	1	2	2	1	1	1	5	3	1	5	6	6	6	6	6	1	6	6	4	2	2	5	5	4	3	5	5	5	2	4	5	5	5	5	5	5	2	5	5	5	5	4	5	5	5	4	5	5	5	2	2	2	5	1	2	2	5	5	4	4	4	4	2	1	1	1	1	1	1	1	3	5	1	60	1	2	2	1	4	2	5	4	2
252	23	2	6	6	7	7	7	6	5	5	5	6	6	5	6	7	7	7	7	6	7	7	7	7	5	5	5	5	4	3	4	3	2	3	2	2	5	4	5	4	1	1	4	2	4	4	4	5	5	4	4	3	3	5	1	2	3	3	2	2	3	1	1	1	1	1	1	3	4	4	3	5	1	5	5	1	1	1	1	1	1	1	3	4	2	4	4	4	4	1	3	1	3	4	4	4	1	2	1	40	3	2	2	0	4	1	4	3	2
